0	346
1	401
2	392
3	436
4	379
5	376
6	389
7	413
8	391
9	291
10	357
11	456
12	295
13	320
14	355
15	359
16	381
17	299
18	342
19	185
20	11
21	265
22	137
23	6
24	131
25	174
26	99
27	43
28	1
29	28
30	102
31	1
32	87
33	54
34	1
35	29
36	18
37	49
38	11
39	12
40	3
41	113
42	156
43	53
44	31
45	3
46	48
47	10
48	123
49	9
50	1
51	62
52	81
53	2
54	2
55	8
56	100
57	71
58	1
59	52
60	4
61	19
62	33
63	9
64	10
65	28
66	5
67	4
68	102
69	7
70	34
71	62
72	1
73	18
74	35
75	1
76	14
77	1
78	1
79	16
80	105
81	26
82	11
83	19
84	5
85	2
86	2
87	1
88	11
89	4
90	24
91	32
92	13
93	3
94	11
95	1
96	14
97	5
98	7
99	12
100	1
101	1
102	7
103	1
104	1
105	8
106	25
107	21
108	4
109	6
110	1
111	5
112	19
113	9
114	44
115	17
116	1
117	1
118	16
119	4
120	6
121	6
122	1
123	25
124	19
125	7
126	4
127	5
128	4
129	1
130	1
131	4
132	1
133	23
134	1
135	2
136	4
137	29
138	5
139	2
140	7
141	15
142	35
143	2
144	23
145	1
146	1
147	1
148	2
149	1
150	2
151	18
152	1
153	5
154	22
155	22
156	18
157	7
158	3
159	1
160	12
161	5
162	1
163	1
164	11
165	2
166	6
167	4
168	1
169	22
170	21
171	1
172	6
173	1
174	9
175	2
176	5
177	27
178	2
179	2
180	1
181	9
182	1
183	5
184	7
185	15
186	1
187	2
188	1
189	2
190	2
191	1
192	5
193	8
194	9
195	1
196	4
197	1
198	8
199	2
200	2
201	1
202	2
203	1
204	2
205	10
206	15
207	12
208	1
209	1
210	4
211	6
212	1
213	1
214	1
215	10
216	6
217	2
218	7
219	5
220	6
221	3
222	1
223	1
224	9
225	1
226	4
227	1
228	1
229	2
230	2
231	1
232	2
233	1
234	3
235	7
236	7
237	5
238	1
239	1
240	1
241	10
242	2
243	2
244	1
245	5
246	3
247	14
248	2
249	2
250	19
251	7
252	2
253	6
254	2
255	1
256	9
257	4
258	1
259	4
260	14
261	12
262	2
263	6
264	3
265	1
266	2
267	4
268	6
269	3
270	1
271	1
272	1
273	1
274	1
275	6
276	2
277	1
278	6
279	7
280	2
281	7
282	2
283	2
284	1
285	1
286	1
287	3
288	4
289	3
290	4
291	1
292	1
293	4
294	8
295	17
296	2
297	2
298	1
299	3
300	2
301	1
302	1
303	3
304	4
305	1
306	9
307	1
308	3
309	1
310	1
311	1
312	2
313	5
314	1
315	5
316	3
317	7
318	1
319	1
320	6
321	6
322	2
323	9
324	6
325	1
326	5
327	1
328	1
329	3
330	12
331	3
332	3
333	12
334	2
335	2
336	1
337	1
338	9
339	1
340	1
341	1
342	1
343	2
344	3
345	3
346	2
347	3
348	1
349	1
350	3
351	4
352	2
353	1
354	1
355	1
356	1
357	2
358	1
359	2
360	1
361	2
362	1
363	4
364	7
365	3
366	1
367	1
368	1
369	2
370	2
371	4
372	5
373	3
374	7
375	1
376	8
377	3
378	4
379	5
380	3
381	3
382	2
383	1
384	2
385	1
386	2
387	2
388	3
389	4
390	3
391	1
392	1
393	1
394	2
395	1
396	4
397	2
398	1
399	3
400	3
401	1
402	1
403	1
404	4
405	1
406	3
407	1
408	2
409	2
410	2
411	1
412	1
413	1
414	2
415	1
416	4
417	1
418	8
419	3
420	1
421	2
422	3
423	5
424	8
425	1
426	1
427	2
428	6
429	2
430	1
431	1
432	1
433	4
434	1
435	5
436	2
437	1
438	1
439	2
440	2
441	1
442	1
443	1
444	3
445	4
446	1
447	2
448	1
449	1
450	2
451	3
452	1
453	2
454	2
455	3
456	1
457	3
458	2
459	4
460	1
461	1
462	5
463	1
464	3
465	1
466	4
467	1
468	2
469	1
470	1
471	1
472	1
473	1
474	2
475	1
476	1
477	4
478	3
479	1
480	2
481	3
482	1
483	1
484	5
485	3
486	2
487	1
488	1
489	2
490	1
491	1
492	1
493	2
494	2
495	2
496	1
497	1
498	1
499	1
500	2
501	3
502	1
503	2
504	1
505	1
506	1
507	1
508	5
509	1
510	1
511	2
512	4
513	1
514	1
515	7
516	2
517	3
518	2
519	4
520	1
521	9
522	3
523	3
524	2
525	1
526	1
527	4
528	2
529	1
530	1
531	1
532	1
533	1
534	1
535	1
536	3
537	1
538	1
539	1
540	1
541	1
542	1
543	2
544	2
545	1
546	1
547	1
548	5
549	1
550	1
551	1
552	1
553	2
554	1
555	3
556	1
557	1
558	3
559	1
560	2
561	3
562	1
563	1
564	2
565	2
566	1
567	2
568	1
569	1
570	1
571	1
572	1
573	1
574	1
575	1
576	3
577	2
578	4
579	1
580	2
581	1
582	1
583	1
584	1
585	1
586	3
587	1
588	1
589	3
590	3
591	1
592	1
593	1
594	1
595	3
596	3
597	1
598	1
599	2
600	1
601	1
602	1
603	1
604	1
605	1
606	1
607	1
608	1
609	1
610	2
611	2
612	1
613	1
614	1
615	1
616	1
617	1
618	4
619	3
620	1
621	1
622	1
623	2
624	1
625	2
626	3
627	2
628	2
629	1
630	2
631	1
632	1
633	2
634	1
635	2
636	1
637	1
638	1
639	2
640	3
641	1
642	1
643	2
644	2
645	1
646	1
647	1
648	1
649	3
650	1
651	1
652	1
653	2
654	1
655	1
656	1
657	1
658	2
659	1
660	6
661	1
662	1
663	1
664	1
665	2
666	3
667	2
668	1
669	1
670	1
671	1
672	3
673	1
674	2
675	1
676	1
677	1
678	1
679	1
680	1
681	3
682	2
683	2
684	1
685	1
686	2
687	2
688	1
689	1
690	1
691	1
692	1
693	2
694	1
695	1
696	1
697	2
698	1
699	1
700	1
701	1
702	1
703	1
704	2
705	2
706	1
707	1
708	1
709	2
710	1
711	2
712	1
713	1
714	2
715	1
716	1
717	2
718	1
719	1
720	1
721	2
722	1
723	1
724	1
725	2
726	1
727	1
728	2
729	1
730	2
731	2
732	1
733	2
734	1
735	1
736	1
737	1
738	1
739	1
740	4
741	1
742	1
743	1
744	2
745	1
746	1
747	1
748	1
749	1
750	1
751	1
752	1
753	1
754	2
755	1
756	1
757	1
758	2
759	1
760	2
761	1
762	1
763	1
764	1
765	1
766	1
767	1
768	1
769	1
770	1
771	1
772	1
773	1
774	1
775	1
776	1
777	1
778	1
779	1
780	1
781	1
782	3
783	1
784	2
785	1
786	4
787	1
788	1
789	3
790	1
791	1
792	2
793	1
794	1
795	1
796	1
797	1
798	1
799	1
800	1
801	2
802	1
803	1
804	3
805	1
806	1
807	1
808	1
809	1
810	1
811	1
812	1
813	1
814	1
815	2
816	2
817	1
818	2
819	1
820	1
821	2
822	1
823	1
824	1
825	1
826	1
827	1
828	1
829	1
830	1
831	1
832	2
833	1
834	1
835	1
836	1
837	2
838	1
839	1
840	1
841	1
842	2
843	1
844	1
845	1
846	1
847	1
848	2
849	1
850	1
851	1
852	1
853	1
854	2
855	1
856	1
857	1
858	1
859	1
860	1
861	2
862	1
863	1
864	1
865	2
866	1
867	1
868	1
869	1
870	1
871	2
872	1
873	1
874	1
875	1
876	1
877	1
878	1
879	1
880	1
881	1
882	1
883	2
884	1
885	1
886	1
887	1
888	1
889	1
890	1
891	2
892	1
893	1
894	1
895	1
896	1
897	1
898	2
899	1
900	1
901	1
902	1
903	1
904	1
905	1
906	1
907	1
908	1
909	1
910	1
911	1
912	1
913	1
914	1
915	1
916	1
917	1
918	1
919	1
920	1
921	1
922	2
923	1
924	1
925	1
926	1
927	1
928	1
929	1
930	1
931	1
932	1
933	1
934	1
935	1
936	1
937	1
938	1
939	1
940	1
941	1
942	1
943	1
944	1
945	1
946	1
947	1
948	1
949	1
950	1
951	1
952	1
953	1
954	1
955	1
956	1
957	1
958	1
959	1
960	1
961	1
962	1
963	1
964	1
965	1
966	1
967	1
968	1
969	1
970	1
971	1
972	1
973	1
974	2
975	1
976	1
977	1
978	1
979	1
980	1
981	1
982	1
983	1
984	1
985	1
986	1
987	1
988	1
989	1
990	1
991	1
992	1
993	1
994	1
995	1
996	1
997	1
998	1
999	1
1000	1
1001	1
1002	1
1003	1
1004	1
1005	1
