0,0.7,0.3,0.0,0.0,0.0
1,0.5668986083499007,0.24168986083499008,0.12750497017892642,0.059801192842942344,0.002117296222664017
2,0.373648111332008,0.1589761431411531,0.30368787276341963,0.14870775347912527,0.012992047713717689
3,0.21542743538767398,0.09142147117296222,0.4219980119284294,0.2305168986083499,0.03864811133200795
4,0.13336978131212723,0.05548707753479126,0.44944333996023866,0.2850198807157056,0.07469184890656067
5,0.08805168986083502,0.0367892644135189,0.436272365805169,0.3188170974155071,0.11808151093439358
6,0.062475149105367785,0.02578528827037774,0.4047415506958252,0.3409840954274353,0.16402584493041744
7,0.04567594433399604,0.01851888667992048,0.36882703777335996,0.354155069582505,0.2108349900596422
8,0.0326540755467197,0.012425447316103379,0.33353876739562616,0.36034791252485077,0.2590457256461232
9,0.021620278330019876,0.007972166998011931,0.2994632206759443,0.36111332007952307,0.3078429423459245
10,0.015109343936381709,0.005079522862823063,0.2668290258449305,0.3552683896620279,0.3557256461232605
11,0.01056660039761432,0.0032803180914512927,0.23481113320079516,0.34675944333996045,0.4025944333996025
12,0.008687872763419485,0.002534791252485089,0.2051391650099404,0.33333001988071564,0.4483200795228627
13,0.007743538767395625,0.0021172962226640155,0.1796322067594433,0.31710735586481115,0.4914115308151094
14,0.006888667992047713,0.0017892644135188865,0.15683896620278331,0.299145129224652,0.5333499005964216
15,0.00640159045725646,0.0015606361829025844,0.137286282306163,0.27974155069582507,0.5730218687872767
16,0.0060437375745526845,0.0014015904572564609,0.11990059642147116,0.25908548707753487,0.6115805168986086
17,0.0057554671968190856,0.0013220675944333987,0.10465208747514909,0.23965208747514916,0.6466302186878728
18,0.0055964214711729625,0.0012425447316103371,0.0914115308151093,0.21934393638170976,0.6804174950298213
19,0.005497017892644135,0.001182902584493041,0.0797713717693837,0.20017892644135185,0.7113817097415506
20,0.005407554671968191,0.0011332007952286275,0.06957256461232601,0.18231610337972165,0.7395825049701784
21,0.0053379721669980125,0.0010735586481113316,0.06092445328031809,0.16506958250497022,0.7656063618290264
22,0.005298210735586483,0.001063618290258449,0.053290258449304156,0.14819085487077532,0.7901689860834993
23,0.005258449304174951,0.0010238568588469181,0.046759443339960224,0.13311133200795233,0.8118588469184886
24,0.005238568588469186,0.0010139165009940354,0.04089463220675943,0.11909542743538763,0.831769383697813
25,0.005178926441351889,0.0010139165009940354,0.036133200795228616,0.10680914512922468,0.8488767395626242
26,0.005168986083499007,0.0010139165009940354,0.03187872763419483,0.09451292246520872,0.8654373757455268
27,0.0051391650099403595,0.0010139165009940354,0.02781312127236581,0.08407554671968193,0.8799701789264411
28,0.005119284294234594,0.0010039761431411528,0.024691848906560634,0.07448310139165013,0.8927137176938372
29,0.0051093439363817114,0.0010039761431411528,0.021928429423459246,0.0658548707753479,0.9041153081510938
30,0.0051093439363817114,0.0010039761431411528,0.019473161033797214,0.05856858846918488,0.9138568588469183
31,0.005089463220675945,0.0010039761431411528,0.01710735586481114,0.05152087475149105,0.923290258449304
32,0.005089463220675945,0.0010039761431411528,0.015129224652087481,0.0454075546719682,0.9313817097415504
33,0.005089463220675945,0.0010039761431411528,0.013389662027833005,0.03965208747514913,0.9388767395626246
34,0.005089463220675945,0.0010039761431411528,0.011898608349900596,0.035188866799204764,0.944831013916501
35,0.005089463220675945,0.0010039761431411528,0.010725646123260442,0.03117296222664017,0.9500198807157056
36,0.005089463220675945,0.0010039761431411528,0.009403578528827035,0.027534791252485098,0.954980119284294
37,0.0050795228628230625,0.0010039761431411528,0.008320079522862818,0.024324055666003992,0.9592842942345922
38,0.0050795228628230625,0.0010039761431411528,0.007405566600397615,0.021202783300198803,0.9633200795228629
39,0.0050795228628230625,0.0010039761431411528,0.006729622266401591,0.018419483101391652,0.9667793240556662
40,0.0050795228628230625,0.0010039761431411528,0.006013916500994036,0.01601391650099404,0.9699005964214712
41,0.0050795228628230625,0.0010039761431411528,0.005367793240556663,0.013876739562624254,0.9726838966202785
42,0.0050795228628230625,0.0010039761431411528,0.00481113320079523,0.011978131212723658,0.9751391650099396
43,0.0050795228628230625,0.0010039761431411528,0.004393638170974157,0.0102882703777336,0.9772465208747521
44,0.0050795228628230625,0.0010039761431411528,0.003936381709741551,0.009055666003976144,0.9789363817097417
45,0.0050795228628230625,0.0010039761431411528,0.003528827037773361,0.007813121272365808,0.98058648111332
46,0.0050795228628230625,0.0010039761431411528,0.0031312127236580545,0.006719681908548708,0.9820775347912529
47,0.0050795228628230625,0.0010039761431411528,0.0027634194831013936,0.005894632206759443,0.9832703777335982
48,0.0050795228628230625,0.0010039761431411528,0.002415506958250499,0.005159045725646124,0.9843538767395628
49,0.0050795228628230625,0.0010039761431411528,0.002097415506958251,0.00444333996023857,0.9853876739562624
50,0.0050795228628230625,0.0010039761431411528,0.0018986083499005968,0.003767395626242545,0.986262425447316
51,0.0050795228628230625,0.0010039761431411528,0.001620278330019881,0.0031113320079522895,0.9871968190854865
52,0.0050795228628230625,0.0010039761431411528,0.0014413518886679916,0.002703777335984098,0.9877833001988067
53,0.0050795228628230625,0.0010039761431411528,0.0013021868787276333,0.002147117296222666,0.9884791252485081
54,0.0050795228628230625,0.0010039761431411528,0.001172962226640158,0.0017793240556660042,0.9889761431411526
55,0.0050795228628230625,0.0010039761431411528,0.001043737574552683,0.001491053677932405,0.9893936381709733
56,0.0050795228628230625,0.0010039761431411528,9.045725646123254E-4,0.0012624254473161025,0.9897614314115305
57,0.0050795228628230625,0.0010039761431411528,7.852882703777331E-4,9.840954274353874E-4,0.9901590457256458
58,0.0050795228628230625,0.0010039761431411528,6.759443339960235E-4,7.554671968190851E-4,0.9904970178926437
59,0.0050795228628230625,0.0010039761431411528,6.2624254473161E-4,5.168986083499005E-4,0.9907852882703777
