0,0.7,0.3,0.0,0.0,0.0
1,0.5901789264413521,0.2524155069582504,0.10038767395626241,0.051600397614314106,0.0034294234592445335
2,0.4356262425447319,0.18512922465208745,0.2359045725646123,0.12557654075546718,0.015775347912524846
3,0.2766302186878728,0.11759443339960245,0.3496719681908549,0.20850894632206762,0.04560636182902586
4,0.17054671968190852,0.07212723658051692,0.3924155069582506,0.27205765407554666,0.09086481113320076
5,0.1052783300198807,0.04407554671968193,0.3862425447316104,0.31617296222664015,0.14624254473161039
6,0.07084493041749504,0.029632206759443346,0.35271371769383725,0.33629224652087486,0.20852882703777342
7,0.048827037773359866,0.020636182902584493,0.31355864811133205,0.34190854870775345,0.2730815109343936
8,0.034850894632206766,0.014403578528827041,0.27442345924453276,0.33605367793240554,0.3382803180914513
9,0.026371769383697802,0.010288270377733595,0.235844930417495,0.32341948310139157,0.40208747514910553
10,0.022007952286282308,0.008409542743538768,0.2000397614314117,0.3036580516898609,0.4638966202783302
11,0.01935387673956263,0.007286282306163019,0.1690258449304175,0.27982107355864805,0.522524850894632
12,0.0174155069582505,0.006660039761431412,0.14461232604373758,0.25241550695825044,0.5769085487077534
13,0.016361829025844935,0.006143141153081511,0.12313121272365808,0.22585487077534797,0.6265208747514912
14,0.015586481113320085,0.005825049701789264,0.10430417495029826,0.20113320079522853,0.671163021868787
15,0.015149105367793247,0.005636182902584496,0.08845924453280318,0.17779324055666007,0.7109741550695827
16,0.014831013916500995,0.00543737574552684,0.07492047713717694,0.1558548707753479,0.7469681908548707
17,0.014652087475149107,0.00532803180914513,0.06355864811133198,0.13582504970178927,0.7786481113320078
18,0.01457256461232604,0.005258449304174953,0.05393638170974155,0.11758449304174952,0.8066600397614317
19,0.014502982107355861,0.005218687872763421,0.0460934393638171,0.10174950298210733,0.8304473161033801
20,0.014453280318091448,0.005198807157057656,0.03888667992047714,0.08840954274353877,0.8510636182902583
21,0.014423459244532802,0.005188866799204773,0.03309145129224651,0.07609343936381707,0.869214711729622
22,0.014363817097415505,0.005178926441351889,0.02849900596421471,0.0651292246520875,0.8848409542743532
23,0.014353876739562623,0.005178926441351889,0.024721669980119293,0.05594433399602385,0.8978131212723655
24,0.014353876739562623,0.005168986083499008,0.021172962226640148,0.047673956262425446,0.9096421471172955
25,0.014324055666003975,0.005159045725646125,0.01827037773359842,0.04043737574552681,0.9198210735586482
26,0.014324055666003975,0.005159045725646125,0.015656063618290264,0.0342544731610338,0.9286182902584487
27,0.014324055666003975,0.005159045725646125,0.013747514910536784,0.02911530815109344,0.9356660039761434
28,0.014324055666003975,0.005149105367793243,0.01211729622266402,0.02511928429423459,0.9413021868787276
29,0.014324055666003975,0.005149105367793243,0.010626242544731608,0.0212624254473161,0.9466500994035785
30,0.014324055666003975,0.005149105367793243,0.009353876739562622,0.018210735586481112,0.9509741550695827
31,0.014314115308151092,0.005149105367793243,0.00824055666003976,0.015606361829025847,0.9547017892644136
32,0.014314115308151092,0.005149105367793243,0.007186878727634195,0.013479125248508948,0.9578827037773359
33,0.014314115308151092,0.005149105367793243,0.006252485089463222,0.01157057654075547,0.9607256461232611
34,0.014314115308151092,0.005149105367793243,0.005427435387673959,0.009681908548707752,0.9634393638170977
35,0.014314115308151092,0.005149105367793243,0.0047813121272365835,0.008260437375745526,0.9655069582504971
36,0.014314115308151092,0.005149105367793243,0.004333996023856862,0.006858846918489068,0.9673558648111333
37,0.014314115308151092,0.005149105367793243,0.003896620278330023,0.005864811133200797,0.9687872763419485
38,0.01430417495029821,0.005149105367793243,0.0034194831013916525,0.005178926441351889,0.9699602385685886
39,0.01430417495029821,0.005149105367793243,0.003041749502982109,0.0044333996023856875,0.9710834990059647
40,0.01430417495029821,0.005149105367793243,0.002723658051689863,0.0037673956262425467,0.9720675944333993
41,0.01430417495029821,0.005149105367793243,0.002465208747514911,0.003131212723658053,0.9729622266401589
42,0.01430417495029821,0.005149105367793243,0.0022365805168986087,0.002524850894632207,0.9737972166998011
43,0.01430417495029821,0.005149105367793243,0.0020675944333996025,0.0019284294234592448,0.974562624254473
44,0.01430417495029821,0.005149105367793243,0.001918489065606362,0.0015506958250497012,0.9750894632206759
45,0.01430417495029821,0.005149105367793243,0.0017395626242544735,0.0012425447316103374,0.9755765407554672
46,0.01430417495029821,0.005149105367793243,0.001500994035785288,9.145129224652083E-4,0.9761431411530813
47,0.01430417495029821,0.005149105367793243,0.001381709741550695,6.361829025844929E-4,0.9765407554671968
48,0.01430417495029821,0.005149105367793243,0.0012226640159045715,3.6779324055666003E-4,0.9769681908548706
49,0.01430417495029821,0.005149105367793243,0.0010735586481113312,1.68986083499006E-4,0.9773161033797219
50,0.01430417495029821,0.005149105367793243,9.84095427435387E-4,4.9701789264413514E-5,0.9775248508946325
51,0.01430417495029821,0.005149105367793243,8.648111332007946E-4,-6.95825049701789E-5,0.9777634194831015
52,0.01430417495029821,0.005149105367793243,7.355864811133196E-4,-8.946322067594439E-5,0.9779125248508949
53,0.01430417495029821,0.005149105367793243,6.660039761431408E-4,-1.1928429423459248E-4,0.9780119284294235
54,0.01430417495029821,0.005149105367793243,6.063618290258444E-4,-2.3856858846918482E-4,0.9781908548707756
55,0.01430417495029821,0.005149105367793243,5.86481113320079E-4,-3.677932405566598E-4,0.9783399602385687
56,0.01430417495029821,0.005149105367793243,5.367793240556657E-4,-4.174950298210732E-4,0.9784393638170975
57,0.01430417495029821,0.005149105367793243,4.8707753479125223E-4,-4.7713717693836943E-4,0.978548707753479
58,0.01430417495029821,0.005149105367793243,4.373757455268387E-4,-5.467196819085484E-4,0.9786679920477138
59,0.01430417495029821,0.005149105367793243,4.0755467196819064E-4,-5.765407554671965E-4,0.9787276341948311
