0,0.7,0.3,0.0,0.0,0.0
1,0.20540755467196814,0.0866699801192843,0.4807157057654077,0.21813121272365815,0.007087475149105368
2,0.03656063618290261,0.015000000000000003,0.5884990059642148,0.3133996023856859,0.044552683896620274
3,0.015178926441351897,0.0057654075546719665,0.5344632206759442,0.3482206759443339,0.09438369781312131
4,0.009771371769383702,0.003439363817097417,0.4703081510934393,0.36773359840954273,0.1467594433399602
5,0.006630218687872765,0.002037773359840954,0.41044731610337964,0.38047713717693826,0.1984194831013917
6,0.00469184890656064,0.0011928429423459237,0.3577932405566601,0.38498011928429426,0.24935387673956275
7,0.0035586481113320106,6.461232604373755E-4,0.310596421471173,0.3823459244532803,0.3008648111332008
8,0.0029324055666003985,3.8767395626242547E-4,0.26970178926441357,0.37384691848906576,0.3511431411530815
9,0.0024652087475149106,2.1868787276341947E-4,0.23406560636182902,0.36234592445328034,0.39891650099403586
10,0.0023161033797216703,3.976143141153082E-5,0.20287276341948302,0.347962226640159,0.4448210735586482
11,0.0022067594433399606,-1.9880715705765374E-5,0.17501988071570568,0.33038767395626245,0.49041749502982107
12,0.0021073558648111337,-9.940357852882708E-5,0.15219681908548707,0.31059642147117295,0.533210735586481
13,0.002017892644135189,-1.4910536779324062E-4,0.1317594433399603,0.2894234592445326,0.5749602385685885
14,0.0018687872763419482,-1.9880715705765397E-4,0.11432405566600398,0.2684095427435388,0.6136083499005963
15,0.001809145129224652,-1.9880715705765397E-4,0.10035785288270382,0.24661033797216692,0.6494333996023856
16,0.0017992047713717694,-2.3856858846918474E-4,0.08783300198807156,0.2247017892644134,0.6839165009940358
17,0.0017892644135188865,-2.683896620278328E-4,0.07726640159045728,0.20465208747514907,0.7145725646123259
18,0.0017395626242544728,-2.783300198807155E-4,0.0674652087475149,0.1858548707753479,0.7432306163021869
19,0.0017395626242544728,-2.882703777335981E-4,0.05898608349900595,0.16755467196819082,0.7700198807157054
20,0.0017395626242544728,-2.9821073558648087E-4,0.05188866799204769,0.14966202783300198,0.7950198807157058
21,0.0017196819085487074,-2.9821073558648087E-4,0.04537773359840955,0.1342544731610338,0.8169582504970184
22,0.0017196819085487074,-3.0815109343936356E-4,0.03954274353876737,0.12049701789264412,0.8365606361829029
23,0.0017196819085487074,-3.0815109343936356E-4,0.03463220675944335,0.10779324055666,0.8541749502982107
24,0.0017097415506958247,-3.0815109343936356E-4,0.030546719681908533,0.0963021868787276,0.8697614314115306
25,0.0017097415506958247,-3.0815109343936356E-4,0.02676938369781313,0.08508946322067588,0.8847514910536783
26,0.0017097415506958247,-3.0815109343936356E-4,0.023727634194831017,0.07560636182902582,0.89727634194831
27,0.0017097415506958247,-3.0815109343936356E-4,0.020934393638170973,0.06685884691848905,0.9088170974155072
28,0.0017097415506958247,-3.0815109343936356E-4,0.018419483101391645,0.05884691848906559,0.9193439363817093
29,0.0017097415506958247,-3.0815109343936356E-4,0.01604373757455269,0.05194831013916506,0.9286182902584499
30,0.0017097415506958247,-3.0815109343936356E-4,0.0141948310139165,0.04595427435387672,0.936461232604374
31,0.0017097415506958247,-3.0815109343936356E-4,0.012604373757455267,0.04073558648111331,0.943270377733598
32,0.0017097415506958247,-3.0815109343936356E-4,0.011302186878727636,0.03560636182902583,0.9497017892644136
33,0.0017097415506958247,-3.0815109343936356E-4,0.010258449304174945,0.031222664015904556,0.9551292246520873
34,0.0017097415506958247,-3.0815109343936356E-4,0.009065606361829025,0.027246520874751483,0.9602982107355864
35,0.0017097415506958247,-3.0815109343936356E-4,0.008121272365805166,0.023946322067594443,0.9645427435387671
36,0.0017097415506958247,-3.0815109343936356E-4,0.007475149105367795,0.020844930417495026,0.9682902584493042
37,0.0016998011928429418,-3.0815109343936356E-4,0.0067594433399602374,0.01822067594433399,0.9716401590457263
38,0.0016998011928429418,-3.0815109343936356E-4,0.006063618290258449,0.016023856858846924,0.9745328031809151
39,0.0016998011928429418,-3.0815109343936356E-4,0.005407554671968189,0.01391650099403579,0.9772962226640165
40,0.0016998011928429418,-3.0815109343936356E-4,0.004761431411530815,0.012176938369781311,0.9796819085487083
41,0.0016998011928429418,-3.0815109343936356E-4,0.004284294234592446,0.010566600397614314,0.981769383697813
42,0.0016998011928429418,-3.0815109343936356E-4,0.003817097415506959,0.00933399602385686,0.9834691848906558
43,0.0016998011928429418,-3.0815109343936356E-4,0.003439363817097415,0.008290258449304175,0.9848906560636185
44,0.0016998011928429418,-3.0815109343936356E-4,0.0031709741550695818,0.0072266401590457266,0.9862226640159045
45,0.0016998011928429418,-3.0815109343936356E-4,0.0028528827037773373,0.00635188866799205,0.9874155069582506
46,0.0016998011928429418,-3.0815109343936356E-4,0.0025447316103379735,0.005447316103379724,0.9886282306163023
47,0.0016998011928429418,-3.0815109343936356E-4,0.0022962226640159066,0.0046918489065606375,0.9896322067594425
48,0.0016998011928429418,-3.0815109343936356E-4,0.0020675944333996047,0.0039960238568588465,0.9905566600397608
49,0.0016998011928429418,-3.0815109343936356E-4,0.0018787276341948331,0.0034592445328031803,0.9912823061630212
50,0.0016998011928429418,-3.0815109343936356E-4,0.0016202783300198816,0.002912524850894632,0.992087475149105
51,0.0016998011928429418,-3.0815109343936356E-4,0.0014413518886679918,0.0024850894632206756,0.9926938369781313
52,0.0016998011928429418,-3.0815109343936356E-4,0.0012723658051689852,0.002077534791252485,0.9932703777335976
53,0.0016998011928429418,-3.0815109343936356E-4,0.0011829025844930408,0.0017395626242544735,0.9936978131212719
54,0.0016998011928429418,-3.0815109343936356E-4,0.0010735586481113314,0.0014811133200795224,0.9940656063618285
55,0.0016998011928429418,-3.0815109343936356E-4,0.001023856858846918,0.0012624254473161025,0.9943339960238562
56,0.0016998011928429418,-3.0815109343936356E-4,9.54274353876739E-4,0.001053677932405566,0.9946123260437367
57,0.0016998011928429418,-3.0815109343936356E-4,8.349900596421467E-4,8.349900596421466E-4,0.9949502982107351
58,0.0016998011928429418,-3.0815109343936356E-4,8.051689860834985E-4,6.461232604373755E-4,0.9951689860834988
59,0.0016998011928429418,-3.0815109343936356E-4,7.057654075546716E-4,4.473161033797217E-4,0.995467196819085
