0,0.7,0.3,0.0,0.0,0.0
1,0.6215606361829024,0.2658151093439363,0.07330019880715706,0.03558648111332009,0.0017495029821073566
2,0.505506958250497,0.21530815109343937,0.1793638170974155,0.08976143141153071,0.008071570576540756
3,0.3567693836978132,0.15300198807157056,0.3037872763419482,0.16064612326043734,0.023807157057654082
4,0.24130218687872765,0.10281312127236576,0.3792544731610338,0.22511928429423475,0.04952286282306161
5,0.16435387673956264,0.06981113320079524,0.4051888667992047,0.27296222664015896,0.08569582504970179
6,0.11306163021868786,0.04851888667992049,0.4014910536779324,0.30848906560636186,0.12645129224652085
7,0.08452286282306164,0.0359145129224652,0.3764811133200795,0.33057654075546716,0.1705168986083499
8,0.06909542743538766,0.0291948310139165,0.3410139165009941,0.34181908548707746,0.2168886679920477
9,0.06062624254473162,0.025069582504970198,0.30282306163021866,0.346013916500994,0.2634791252485089
10,0.04996023856858844,0.0204572564612326,0.2657256461232605,0.3534890656063618,0.3083797216699801
11,0.04164015904572567,0.017186878727634202,0.2323359840954276,0.3544234592445326,0.3524254473161036
12,0.03679920477137179,0.015069582504970182,0.20084493041749496,0.35043737574552686,0.39486083499005964
13,0.03270377733598411,0.013429423459244534,0.173986083499006,0.3428628230616303,0.43502982107355853
14,0.028021868787276354,0.011491053677932407,0.15202783300198808,0.33229622266401593,0.4741749502982108
15,0.019055666003976138,0.00753479125248509,0.138389662027833,0.32337972166998014,0.5096520874751491
16,0.01426441351888668,0.005168986083499008,0.12499999999999999,0.301868787276342,0.5517097415506957
17,0.012166998011928427,0.0043339960238568615,0.11049701789264409,0.27918489065606367,0.5918290258449305
18,0.011292246520874755,0.003996023856858848,0.09721669980119288,0.2563021868787275,0.6292047713717693
19,0.010745526838966209,0.003807157057654079,0.08529821073558645,0.23476143141153083,0.6633996023856858
20,0.010447316103379725,0.0036381709741550726,0.07482107355864813,0.2138866799204771,0.6952186878727638
21,0.01003976143141153,0.0034791252485089487,0.0657554671968191,0.19327037773359837,0.7254671968190857
22,0.009622266401590454,0.0033300198807157087,0.0569085487077535,0.1745228628230616,0.7536282306163018
23,0.008151093439363816,0.002584493041749502,0.051361829025844914,0.15753479125248512,0.7783797216699798
24,0.006232604373757456,0.0017594433399602373,0.046928429423459234,0.14276341948310145,0.8003280318091451
25,0.004950298210735589,0.0013021868787276342,0.042326043737574544,0.12875745526838966,0.8206759443339958
26,0.004194831013916505,9.145129224652083E-4,0.03766401590457255,0.11558648111332008,0.8396520874751491
27,0.003906560636182906,7.256461232604372E-4,0.03301192842942345,0.10302186878727632,0.8573459244532801
28,0.0036481113320079544,6.163021868787275E-4,0.028936381709741558,0.09242544731610337,0.8723856858846921
29,0.003469184890656065,5.566600397614312E-4,0.025656063618290263,0.08219681908548707,0.886133200795229
30,0.0033697813121272373,5.268389662027831E-4,0.022654075546719676,0.07348906560636181,0.8979721669980116
31,0.003280318091451293,5.168986083499004E-4,0.019970178926441363,0.06478131212723655,0.9094632206759442
32,0.00323061630218688,4.771371769383697E-4,0.017644135188866806,0.05743538767395627,0.9192246520874751
33,0.0032107355864811143,4.771371769383697E-4,0.015825049701789277,0.05078528827037771,0.9277137176938375
34,0.0032007952286282316,4.771371769383697E-4,0.013936381709741558,0.04514910536779323,0.935248508946322
35,0.0031809145129224666,4.771371769383697E-4,0.01198807157057654,0.03969184890656061,0.9426739562624253
36,0.0031510934393638185,4.771371769383697E-4,0.01060636182902585,0.03432405566600397,0.9494532803180908
37,0.003131212723658053,4.771371769383697E-4,0.009473161033797216,0.030119284294234605,0.9548111332007952
38,0.003131212723658053,4.67196819085487E-4,0.008469184890656062,0.02619284294234593,0.9597514910536781
39,0.0031212723658051705,4.67196819085487E-4,0.0076143141153081515,0.02291252485089463,0.9638966202783298
40,0.0031212723658051705,4.67196819085487E-4,0.006848906560636183,0.019990059642147118,0.9675844930417494
41,0.0031212723658051705,4.67196819085487E-4,0.0059840954274353875,0.017375745526838966,0.9710636182902589
42,0.0031212723658051705,4.67196819085487E-4,0.005318091451292247,0.015238568588469196,0.9738667992047715
43,0.0031212723658051705,4.67196819085487E-4,0.004751491053677931,0.013250497017892654,0.9764214711729621
44,0.0031212723658051705,4.67196819085487E-4,0.004324055666003976,0.011491053677932407,0.9786083499005962
45,0.0031212723658051705,4.67196819085487E-4,0.0038866799204771386,0.010009940357852885,0.9805268389662026
46,0.0031212723658051705,4.67196819085487E-4,0.003588469184890657,0.008538767395626244,0.9822962226640154
47,0.0031212723658051705,4.67196819085487E-4,0.0032007952286282337,0.007415506958250499,0.9838071570576541
48,0.0031212723658051705,4.67196819085487E-4,0.0028628230616302218,0.006401590457256464,0.9851590457256455
49,0.0031212723658051705,4.67196819085487E-4,0.0025944333996023874,0.005367793240556661,0.986461232604373
50,0.0031212723658051705,4.67196819085487E-4,0.00234592445328032,0.004443339960238574,0.987634194831014
51,0.0031212723658051705,4.67196819085487E-4,0.0021471172962226654,0.003807157057654078,0.9884691848906562
52,0.0031212723658051705,4.67196819085487E-4,0.0019582504970178933,0.0033300198807157083,0.9891351888667991
53,0.0031212723658051705,4.67196819085487E-4,0.0017892644135188876,0.002882703777335985,0.9897514910536779
54,0.0031212723658051705,4.67196819085487E-4,0.001709741550695826,0.0025049701789264427,0.9902087475149104
55,0.0031212723658051705,4.67196819085487E-4,0.0015705765407554681,0.002216699801192844,0.9906361829025846
56,0.0031212723658051705,4.67196819085487E-4,0.0013320079522862818,0.0017892644135188874,0.9913021868787272
57,0.0031212723658051705,4.67196819085487E-4,0.0012226640159045718,0.0014314115308151094,0.9917693836978129
58,0.0031212723658051705,4.67196819085487E-4,0.0011431411530815102,0.0010735586481113314,0.9922067594433398
59,0.0031212723658051705,4.67196819085487E-4,0.0010337972166998006,8.151093439363813E-4,0.9925745526838965
