0,0.7,0.3,0.0,0.0,0.0
1,0.2701888667992047,0.11510934393638174,0.3756560636182902,0.2112027833001988,0.025854870775347906
2,0.04933399602385686,0.020487077534791252,0.31297216699801206,0.450248508946322,0.16497017892644142
3,0.011361829025844936,0.00360834990059642,0.11865805168986081,0.5639860834990058,0.3003976143141153
4,0.008936381709741549,0.0027534791252485074,0.04170974155069583,0.5670576540755468,0.3775546719681908
5,0.008827037773359839,0.002713717693836976,0.016332007952286284,0.5370675944333996,0.4330715705765406
6,0.008817097415506956,0.002703777335984094,0.007534791252485089,0.4972962226640159,0.48166003976143124
7,0.008817097415506956,0.0026938369781312112,0.0038767395626242546,0.4569880715705766,0.5256361829025847
8,0.008817097415506956,0.0026739562624254454,0.0020675944333996034,0.4164015904572564,0.5680516898608353
9,0.004801192842942349,0.0010238568588469186,0.0052485089463220665,0.378717693836978,0.608220675944334
10,0.0022365805168986096,-7.952286282306164E-5,0.004393638170974157,0.3446819085487078,0.6467793240556661
11,0.0019184890656063628,-2.4850894632206746E-4,0.0017196819085487085,0.31191848906560615,0.6827037773359836
12,0.0018787276341948314,-2.6838966202783284E-4,7.057654075546718E-4,0.28057654075546706,0.7151192842942347
13,0.0018687872763419487,-2.6838966202783284E-4,4.174950298210735E-4,0.25086481113320075,0.7451292246520874
14,0.0018687872763419487,-2.6838966202783284E-4,2.982107355864811E-4,0.2229920477137177,0.7731212723658055
15,0.0018687872763419487,-2.6838966202783284E-4,1.9880715705765406E-4,0.19850894632206761,0.7977037773359842
16,0.0018687872763419487,-2.6838966202783284E-4,1.2922465208747516E-4,0.1755765407554672,0.8207057654075547
17,0.0018687872763419487,-2.6838966202783284E-4,7.952286282306162E-5,0.15530815109343934,0.8410238568588468
18,0.0018687872763419487,-2.6838966202783284E-4,4.9701789264413514E-5,0.1364811133200795,0.8598807157057655
19,0.0018687872763419487,-2.6838966202783284E-4,4.9701789264413514E-5,0.12043737574552688,0.8759244532803178
20,0.0018687872763419487,-2.6838966202783284E-4,4.9701789264413514E-5,0.10579522862823064,0.8905666003976145
21,0.0018687872763419487,-2.6838966202783284E-4,4.9701789264413514E-5,0.0930616302186879,0.9033001988071573
22,0.0018687872763419487,-2.6838966202783284E-4,3.976143141153081E-5,0.08108349900596419,0.9152882703777334
23,0.0018687872763419487,-2.6838966202783284E-4,3.976143141153081E-5,0.0708051689860835,0.9255666003976143
24,0.0018687872763419487,-2.6838966202783284E-4,3.976143141153081E-5,0.06172962226640156,0.9346421471172962
25,0.0018687872763419487,-2.6838966202783284E-4,3.976143141153081E-5,0.05375745526838968,0.9426143141153079
26,0.0018687872763419487,-2.6838966202783284E-4,2.982107355864811E-5,0.04688866799204772,0.9494930417495029
27,0.0018687872763419487,-2.6838966202783284E-4,1.9880715705765404E-5,0.04106361829025846,0.9553280318091452
28,0.0018687872763419487,-2.6838966202783284E-4,1.9880715705765404E-5,0.0362524850894632,0.9601391650099406
29,0.0018687872763419487,-2.6838966202783284E-4,9.940357852882702E-6,0.03124254473161034,0.9651590457256464
30,0.0018687872763419487,-2.6838966202783284E-4,9.940357852882702E-6,0.026858846918489068,0.969542743538767
31,0.0018687872763419487,-2.6838966202783284E-4,9.940357852882702E-6,0.023339960238568595,0.973061630218688
32,0.0018687872763419487,-2.6838966202783284E-4,9.940357852882702E-6,0.02015904572564612,0.9762425447316105
33,0.0018687872763419487,-2.6838966202783284E-4,0.0,0.01750497017892644,0.9789065606361831
34,0.0018687872763419487,-2.6838966202783284E-4,0.0,0.01525844930417496,0.981153081510935
35,0.0018687872763419487,-2.6838966202783284E-4,0.0,0.013151093439363819,0.9832604373757452
36,0.0018687872763419487,-2.6838966202783284E-4,0.0,0.0112624254473161,0.9851491053677931
37,0.0018687872763419487,-2.6838966202783284E-4,0.0,0.009662027833001985,0.9867495029821073
38,0.0018687872763419487,-2.6838966202783284E-4,0.0,0.008141153081510932,0.9882703777335982
39,0.0018687872763419487,-2.6838966202783284E-4,0.0,0.006978131212723658,0.9894333996023857
40,0.0018687872763419487,-2.6838966202783284E-4,0.0,0.00602385685884692,0.9903876739562623
41,0.0018687872763419487,-2.6838966202783284E-4,0.0,0.0050497017892644136,0.9913618290258445
42,0.0018687872763419487,-2.6838966202783284E-4,0.0,0.004264413518886681,0.992147117296222
43,0.0018687872763419487,-2.6838966202783284E-4,0.0,0.003469184890656067,0.9929423459244526
44,0.0018687872763419487,-2.6838966202783284E-4,0.0,0.0028727634194831027,0.9935387673956264
45,0.0018687872763419487,-2.6838966202783284E-4,0.0,0.0024453280318091465,0.9939662027833001
46,0.0018687872763419487,-2.6838966202783284E-4,0.0,0.0019483101391650107,0.9944632206759444
47,0.0018687872763419487,-2.6838966202783284E-4,0.0,0.001660039761431411,0.9947514910536774
48,0.0018687872763419487,-2.6838966202783284E-4,0.0,0.0014214711729622258,0.9949900596421467
49,0.0018687872763419487,-2.6838966202783284E-4,0.0,0.001093439363817097,0.9953180914512919
50,0.0018687872763419487,-2.6838966202783284E-4,0.0,7.554671968190851E-4,0.9956560636182898
51,0.0018687872763419487,-2.6838966202783284E-4,0.0,5.964214711729621E-4,0.995815109343936
52,0.0018687872763419487,-2.6838966202783284E-4,0.0,4.373757455268389E-4,0.9959741550695824
53,0.0018687872763419487,-2.6838966202783284E-4,0.0,3.37972166998012E-4,0.9960735586481114
54,0.0018687872763419487,-2.6838966202783284E-4,0.0,1.1928429423459241E-4,0.9962922465208748
55,0.0018687872763419487,-2.6838966202783284E-4,0.0,-3.97614314115308E-5,0.9964512922465211
56,0.0018687872763419487,-2.6838966202783284E-4,0.0,-1.888667992047714E-4,0.9966003976143142
57,0.0018687872763419487,-2.6838966202783284E-4,0.0,-3.479125248508945E-4,0.9967594433399606
58,0.0018687872763419487,-2.6838966202783284E-4,0.0,-3.976143141153079E-4,0.9968091451292248
59,0.0018687872763419487,-2.6838966202783284E-4,0.0,-4.7713717693836943E-4,0.9968886679920479
