0,0.7,0.3,0.0,0.0,0.0
1,0.6312524850894633,0.2692246520874752,0.06412524850894628,0.03188866799204772,0.0015208747514910534
2,0.5126540755467196,0.21871769383697806,0.17416500994035783,0.08538767395626241,0.007087475149105369
3,0.3657455268389663,0.15727634194831017,0.298469184890656,0.15368787276341947,0.022833001988071568
4,0.2533598409542742,0.10759443339960237,0.37115308151093457,0.21643141153081508,0.049473161033797224
5,0.17383697813121265,0.07346918489065604,0.4009343936381709,0.264582504970179,0.08518886679920473
6,0.1298111332007952,0.055059642147117296,0.39159045725646124,0.2930516898608349,0.12849900596421468
7,0.10573558648111332,0.04439363817097415,0.3627833001988073,0.31065606361829023,0.17444333996023859
8,0.0865407554671968,0.036023856858846924,0.3335188866799205,0.31851888667992045,0.22340954274353866
9,0.0668389662027833,0.02726640159045728,0.3098906560636182,0.3208747514910537,0.2731411530815109
10,0.05179920477137179,0.02089463220675945,0.28385685884691836,0.3179125248508946,0.3235487077534792
11,0.04322067594433398,0.017196819085487085,0.25463220675944326,0.30904572564612315,0.3739165009940357
12,0.037127236580516906,0.014592445328031813,0.22595427435387694,0.29644135188866805,0.42389662027833
13,0.0315606361829026,0.012087475149105374,0.20219681908548712,0.27969184890656046,0.4724751491053679
14,0.026172962226640187,0.00982107355864811,0.18032803180914514,0.2619980119284293,0.5196918489065606
15,0.022852882703777343,0.008389662027833,0.15963220675944328,0.24197813121272368,0.5651590457256462
16,0.02111332007952287,0.007524850894632206,0.14074552683896624,0.22059642147117287,0.6080318091451293
17,0.02004970178926442,0.00709741550695825,0.12289264413518884,0.20000994035785294,0.647962226640159
18,0.019174950298210737,0.006829025844930417,0.1082703777335984,0.1793737574552684,0.6843638170974152
19,0.01859840954274354,0.006610337972166997,0.09447316103379728,0.1600596421471173,0.7182703777335984
20,0.01829025844930418,0.006520874751491055,0.08220675944333998,0.14169980119284292,0.7492942345924452
21,0.01800198807157058,0.0064612326043737576,0.07199801192842943,0.12492047713717697,0.7766302186878733
22,0.017862823061630225,0.006341948310139165,0.06296222664015903,0.11005964214711732,0.8007852882703779
23,0.01769383697813121,0.0062723658051689855,0.05529821073558648,0.09585487077534795,0.8228926441351887
24,0.01761431411530815,0.0062425447316103375,0.04847912524850893,0.08327037773359837,0.8424055666003974
25,0.017574552683896617,0.006212723658051691,0.042117296222664004,0.07242544731610337,0.8596819085487071
26,0.017504970178926438,0.00617296222664016,0.036988071570576535,0.06315109343936381,0.8741948310139169
27,0.017495029821073555,0.006153081510934396,0.03276341948310138,0.05465208747514909,0.8869483101391654
28,0.017465208747514907,0.006153081510934396,0.028767395626242552,0.047385685884691844,0.8982405566600399
29,0.017445328031809145,0.006153081510934396,0.025516898608349905,0.04062624254473159,0.9082703777335982
30,0.017425447316103376,0.006153081510934396,0.022683896620278324,0.03440357852882705,0.9173459244532802
31,0.01740556660039761,0.006153081510934396,0.019890656063618294,0.029542743538767388,0.9250198807157058
32,0.017395626242544728,0.006153081510934396,0.017475149105367797,0.02519880715705765,0.9317892644135191
33,0.017395626242544728,0.006153081510934396,0.015506958250497022,0.02127236580516899,0.937683896620278
34,0.017395626242544728,0.006153081510934396,0.013687872763419482,0.018081510934393637,0.9426938369781311
35,0.017385685884691846,0.006153081510934396,0.011968190854870777,0.015506958250497018,0.9469980119284291
36,0.017375745526838963,0.006153081510934396,0.010328031809145129,0.013151093439363819,0.9510039761431411
37,0.017375745526838963,0.006153081510934396,0.009244532803180914,0.011093439363817096,0.9541451292246527
38,0.017375745526838963,0.006153081510934396,0.008260437375745522,0.009532803180914512,0.9566898608349901
39,0.017375745526838963,0.006153081510934396,0.007316103379721669,0.007962226640159047,0.9592047713717697
40,0.017375745526838963,0.006153081510934396,0.006381709741550699,0.006739562624254474,0.9613618290258452
41,0.017375745526838963,0.006153081510934396,0.005725646123260439,0.005546719681908546,0.9632107355864811
42,0.017375745526838963,0.006153081510934396,0.0051192842942345915,0.004383697813121273,0.9649801192842944
43,0.017375745526838963,0.006153081510934396,0.004463220675944337,0.003707753479125249,0.966312127236581
44,0.017375745526838963,0.006153081510934396,0.0039562624254473175,0.003101391650099405,0.9674254473161039
45,0.017375745526838963,0.006153081510934396,0.0034990059642147128,0.0024850894632206773,0.9684990059642148
46,0.017375745526838963,0.006153081510934396,0.003161033797216701,0.001978131212723658,0.9693439363817098
47,0.017375745526838963,0.006153081510934396,0.002872763419483103,0.0015606361829025844,0.9700497017892648
48,0.017375745526838963,0.006153081510934396,0.002475149105367795,0.0012624254473161025,0.9707455268389665
49,0.017375745526838963,0.006153081510934396,0.0022266401590457265,9.54274353876739E-4,0.9713021868787276
50,0.017375745526838963,0.006153081510934396,0.0020278330019880726,6.560636182902582E-4,0.9717992047713718
51,0.017375745526838963,0.006153081510934396,0.0018886679920477147,5.268389662027832E-4,0.9720675944333995
52,0.017375745526838963,0.006153081510934396,0.0016998011928429427,3.5785288270377734E-4,0.9724254473161033
53,0.017375745526838963,0.006153081510934396,0.0015109343936381711,1.4910536779324046E-4,0.9728230616302186
54,0.017375745526838963,0.006153081510934396,0.001401590457256461,5.964214711729625E-5,0.9730218687872761
55,0.017375745526838963,0.006153081510934396,0.0013121272365805162,-3.9761431411530795E-5,0.9732107355864809
56,0.017375745526838963,0.006153081510934396,0.0011530815109343927,-1.0934393638170977E-4,0.9734393638170974
57,0.017375745526838963,0.006153081510934396,0.0010039761431411523,-1.888667992047714E-4,0.9736679920477136
58,0.017375745526838963,0.006153081510934396,9.045725646123254E-4,-2.7833001988071554E-4,0.9738568588469184
59,0.017375745526838963,0.006153081510934396,7.952286282306159E-4,-3.777335984095425E-4,0.9740656063618293
