0,0.695,0.3,0,0.005,0
1,0.6831731552370093,0.29499918553510346,0.011402508551881414,0.01009936471738068,0.0
2,0.6786121518162567,0.2935331487212901,0.01498615409675843,0.012542759407069556,0.0
3,0.6711190747678775,0.29223000488678935,0.021664766248574687,0.014660368138133246,0.0
4,0.6634631047401857,0.2897866101971005,0.028832057338328717,0.017266655807134712,3.2578595862518323E-4
5,0.6536895259814302,0.2876690014660368,0.03811695715914644,0.019384264538198404,8.144648965629581E-4
6,0.646196448933051,0.2855513927349731,0.04446978335233751,0.021501873269262096,0.0019547157517510994
7,0.6378889069881089,0.28327089102459685,0.05131128848346636,0.024596839876201336,0.002606287669001466
8,0.6264863984362274,0.2805017103762828,0.06092197426290927,0.02801759244176576,0.0037465385241896073
9,0.6116631373187815,0.27756963674865615,0.07411630558722919,0.03127545202801759,0.00504968235869034
10,0.6015637726014009,0.27317152630721614,0.08209806157354618,0.03730249226258348,0.005538361296628116
11,0.5886952272357061,0.2707281316175273,0.09268610522886464,0.04072324482814791,0.0068415051311288486
12,0.5738719661182603,0.2653526633002118,0.10392572080143346,0.04886789379377749,0.007655970027691806
13,0.5553021664766249,0.2594885160449585,0.11956344681544226,0.055220719986968564,0.01009936471738068
14,0.5378726176901776,0.2555790845414563,0.1343867079328881,0.059618830428408535,0.012216973448444373
15,0.5215833197589184,0.24971493728620298,0.14660368138133245,0.06711190747678775,0.014660368138133246
16,0.5054569148069719,0.245316826844763,0.15865776185046424,0.0739534126079166,0.01628929793125916
17,0.4899820817722756,0.23896400065157192,0.1674539827333442,0.08405277732529728,0.019221371558885814
18,0.47369278384101643,0.2319596025411305,0.1788564912852256,0.09203453331161426,0.02313080306238801
19,0.4580550578270077,0.22674702720312753,0.18944453494054406,0.09855025248411793,0.02687734158657762
20,0.4433946896888744,0.2215344518651246,0.19710050496823586,0.10750936634631048,0.030135201172829452
21,0.428408535592116,0.21550741163055873,0.20703697670630397,0.11483955041537709,0.03388173969701906
22,0.412445023619482,0.20964326437530542,0.21811369929956018,0.12200684150513112,0.037465385241896076
23,0.39827333441928653,0.2044306890373025,0.22658413422381496,0.12917413259488517,0.04121192376608568
24,0.3847532171363414,0.1985665417820492,0.23440299723081937,0.13715588858120215,0.0447955693109627
25,0.37025574197752076,0.19514578921648476,0.24254764619644895,0.14367160775370583,0.04805342889721453
26,0.35852744746701415,0.1904218928164196,0.2472715425965141,0.15067600586414726,0.05277732529727969
27,0.346636259977195,0.1848835315197915,0.252484117934517,0.1580061899332139,0.057664114676657434
28,0.3352337514253136,0.1808112070369767,0.2567193353966444,0.16338165825052942,0.06352826193191073
29,0.3243199218113699,0.17559863169897377,0.26030298094152143,0.1713634142368464,0.0680892653526633
30,0.3129174132594885,0.17168920019547157,0.26404951946571104,0.17853070532660043,0.07248737579410328
31,0.3034696204593582,0.1672910897540316,0.26600423521746214,0.18390617364391595,0.07900309496660694
32,0.29499918553510346,0.16273008633327904,0.2650268773415866,0.19205082260954554,0.08486724222186023
33,0.284411141879785,0.1580061899332139,0.2666558071347125,0.19824075582342401,0.09236031927023945
34,0.27349731226584134,0.15328229353314873,0.2702394526795895,0.20491936797524027,0.09773578758755498
35,0.2668187001140251,0.1495357550089591,0.2705652386382147,0.20964326437530542,0.1031112559048705
36,0.2593256230656459,0.14513764456751915,0.27007655970027694,0.2159960905684965,0.10913829613943639
37,0.2505294021827659,0.1418797849812673,0.2682847369278384,0.22283759569962536,0.11614269424987783
38,0.24254764619644895,0.13927349731226585,0.2666558071347125,0.22772438507900308,0.12347287831894445
39,0.2353803551066949,0.13536406580876365,0.26747027203127544,0.2314709236031927,0.12998859749144812
40,0.22967910083075418,0.13129174132594884,0.2664929141553999,0.23668349894119564,0.13552695878807625
41,0.22202313080306238,0.12917413259488517,0.2669815930933377,0.23847532171363414,0.14302003583645545
42,0.21485583971330835,0.12754520280175924,0.2645381984036488,0.2433621110930119,0.14937286202964653
43,0.20899169245805505,0.1246131291741326,0.2632350545691481,0.24580550578270077,0.15702883205733834
44,0.2042677960579899,0.12168105554650595,0.2576966932725199,0.2513438670793289,0.16468480208503014
45,0.19824075582342401,0.1187489819188793,0.25460172666558073,0.25623065645870663,0.17185209317478417
46,0.19188792963023293,0.11630558722919042,0.25329858283108,0.2576966932725199,0.18048542107835153
47,0.18537221045772928,0.1146766574360645,0.2536243687897052,0.2572080143345822,0.1887929630232937
48,0.18015963511972635,0.11223326274637563,0.24971493728620298,0.2588369441277081,0.1987294347613618
49,0.17413259488516045,0.10946408209806158,0.24824890047238965,0.25997719498289623,0.20785144160286692
50,0.16908291252647012,0.10685779442906011,0.24661997067926372,0.2630721615898355,0.2140413748167454
51,0.16387033718846716,0.1031112559048705,0.24482814790682522,0.2666558071347125,0.22120866590649943
52,0.15898354780908944,0.10066786121518162,0.24173318129988597,0.2689363088450888,0.229353314872129
53,0.15507411630558723,0.09871314546343053,0.23847532171363414,0.26926209480371394,0.23814953575500897
54,0.14806971819514578,0.09626975077374166,0.2376608568170712,0.27170548949340284,0.24596839876201335
55,0.14350871477439323,0.09431503502199055,0.23668349894119564,0.2710539175761525,0.2541130477276429
56,0.14041374816745397,0.09236031927023945,0.23342563935494381,0.2726828473692784,0.2607916598794592
57,0.1379703534777651,0.08991692458055058,0.22870174295487863,0.27349731226584134,0.26958788076233914
58,0.13568985176738882,0.08812510180811207,0.22414073953412608,0.27398599120377914,0.27773252972796875
59,0.13275777813976217,0.0856817071184232,0.22039420100993648,0.2746375631210295,0.2862029646522235
60,0.1286854536569474,0.08356409838735951,0.2179508063202476,0.27398599120377914,0.2954878644730412
61,0.12738230982244667,0.08242384753217136,0.2120866590649943,0.27333441928652874,0.30444697833523376
62,0.12330998533963186,0.08160938263560841,0.20931747841668025,0.27121681055546504,0.3142205570939893
63,0.11988923277406743,0.0796546668838573,0.2042677960579899,0.27382309822446654,0.3220394201009936
64,0.11809741000162893,0.07884020198729434,0.20166150838898844,0.27170548949340284,0.3293696041700603
65,0.11565401531194006,0.07704837921485584,0.19726339794754846,0.27154259651409024,0.33816582505294024
66,0.11288483466362599,0.07607102133898029,0.1943313243199218,0.2689363088450888,0.34745072487375794
67,0.1088125101808112,0.073790519628604,0.19335396644404626,0.26779605798990064,0.3559211597980127
68,0.10767225932562306,0.07346473366997883,0.18830428408535593,0.2690992018244014,0.36113373513601565
69,0.10620622251180974,0.07248737579410328,0.18406906662322853,0.2669815930933377,0.3699299560188956
70,0.10474018569799641,0.07134712493891514,0.17853070532660043,0.26616712819677474,0.3788890698810881
71,0.10294836292555791,0.07020687408372699,0.17478416680241082,0.2663300211760873,0.38540478905359177
72,0.10083075419449422,0.0682521583319759,0.17234077211272195,0.26600423521746214,0.3922462941847206
73,0.10001628929793126,0.06711190747678775,0.1672910897540316,0.2671444860726503,0.3981104414399739
74,0.09887603844274312,0.06662322853884997,0.16338165825052942,0.26388662648639843,0.4069066623228539
75,0.09773578758755498,0.06548297768366183,0.159960905684965,0.26356084052777323,0.4129337025574198
76,0.09675842971167943,0.06401694086984851,0.15702883205733834,0.2632350545691481,0.4186349568333605
77,0.09578107183580388,0.06336536895259814,0.15197914969864798,0.2633979475484607,0.42515067600586415
78,0.09382635608405278,0.062388011076722594,0.14872129011239615,0.26176901775533473,0.43296953901286855
79,0.09284899820817723,0.06157354618015964,0.14546343052614433,0.25818537221045773,0.4416028669164359
80,0.09219742629092686,0.06075908128359668,0.1402508551881414,0.25655644241733183,0.44991040886137806
81,0.0913829613943639,0.05994461638703372,0.1365043166639518,0.2572080143345822,0.4546343052614432
82,0.09007981755986318,0.05945593744909594,0.13471249389151327,0.2519954389965792,0.4634305261443232
83,0.08893956670467502,0.05880436553184558,0.13145463430526144,0.2492262583482652,0.4712493891513276
84,0.0874735298908617,0.057664114676657434,0.1304772764293859,0.24645707769995112,0.47760221534451863
85,0.08682195797361134,0.05717543573871966,0.1265678449258837,0.24433946896888745,0.4847695064342727
86,0.08600749307704839,0.05684964978009448,0.12379866427756964,0.24205896725851117,0.49095943964815114
87,0.08486724222186023,0.056198077862844115,0.12119237660856817,0.2396155725688223,0.49780094477928
88,0.08356409838735951,0.055546505945593745,0.11842319596025411,0.2396155725688223,0.5025248411793451
89,0.08307541944942173,0.054894934028343376,0.11386219253950154,0.23831242873432154,0.5095292392897867
90,0.081772275614921,0.054569148069718194,0.11223326274637563,0.2355432480860075,0.5155562795243525
91,0.08160938263560841,0.05424336211109301,0.10848672422218603,0.2335885323342564,0.521746212738231
92,0.0799804528424825,0.05326600423521746,0.10620622251180974,0.2314709236031927,0.5287506108486725
93,0.07916598794591953,0.05294021827659228,0.10392572080143346,0.2273985991203779,0.5362436878970517
94,0.07802573709073139,0.05277732529727969,0.10099364717380681,0.2256067763479394,0.5422707281316175
95,0.07704837921485584,0.05261443231796709,0.09920182440136831,0.22234891676168758,0.548460661345496
96,0.07639680729760548,0.05212575338002932,0.09675842971167943,0.2197426290926861,0.5546505945593745
97,0.07493077048379215,0.05212575338002932,0.09610685779442905,0.2161589835478091,0.5603518488353152
98,0.07460498452516696,0.05196286040071673,0.09415214204267797,0.21257533800293207,0.5663788890698811
99,0.0739534126079166,0.051474181462778955,0.09056849649780095,0.21127219416843135,0.572405929304447
100,0.0739534126079166,0.05131128848346636,0.08828799478742466,0.20752565564424175,0.5785958625183255
101,0.07346473366997883,0.050822609545528585,0.08503013520117284,0.20573383287180322,0.5846229027528913
102,0.07281316175272846,0.050659716566216,0.08356409838735951,0.20312754520280177,0.5895096921322691
103,0.07167291089754031,0.050496823586903404,0.08291252647010913,0.20198729434761362,0.5926046587392083
104,0.07167291089754031,0.05017103762827822,0.08063202475973286,0.1987294347613618,0.5984688059944616
105,0.07102133898028995,0.04968235869034045,0.07867730900798175,0.1944942172992344,0.6057989900635282
106,0.07053266004235217,0.049356572731715266,0.07688548623554325,0.19156214367160776,0.6113373513601563
107,0.06955530216647662,0.04903078677309008,0.07607102133898029,0.1884671770646685,0.6165499266981593
108,0.06922951620785144,0.04886789379377749,0.07411630558722919,0.18586088939566706,0.6215996090568496
109,0.06841505131128849,0.048379214855839715,0.07167291089754031,0.18374328066460335,0.6274637563121029
110,0.06792637237335071,0.04789053591790194,0.0700439811044144,0.1827659227887278,0.6310474018569799
111,0.06776347939403812,0.047727642938589346,0.06955530216647662,0.1790193842645382,0.6356084052777325
112,0.06743769343541293,0.04756474995927676,0.0680892653526633,0.17641309659553672,0.640169408698485
113,0.06711190747678775,0.047401856979964165,0.06678612151816257,0.17429548786447305,0.6440788402019872
114,0.06694901449747516,0.047401856979964165,0.06548297768366183,0.17071184231959602,0.6491285225606777
115,0.06646033555953738,0.047401856979964165,0.06336536895259814,0.16826844762990714,0.654178204919368
116,0.0661345496009122,0.047401856979964165,0.060596188304284086,0.16712819677471902,0.6584134223814954
117,0.0661345496009122,0.04707607102133898,0.0584785795732204,0.16435901612640494,0.6636259977194983
118,0.06597165662159961,0.04691317804202639,0.056523863821469296,0.16207851441602866,0.6681870011402509
119,0.06564587066297442,0.046750285062713795,0.055220719986968564,0.1593093337677146,0.6727480045610034
120,0.06483140576641147,0.04658739208340121,0.05424336211109301,0.15621436716077536,0.6777976869196938
121,0.06466851278709887,0.04609871314546343,0.052451539338654506,0.15572568822283758,0.6807297605473204
122,0.0643427268284737,0.04609871314546343,0.051148395504153774,0.15279361459521096,0.685290763968073
123,0.06401694086984851,0.045772927186838244,0.04903078677309008,0.15100179182277243,0.6898517673888256
124,0.06369115491122333,0.04544714122821306,0.04805342889721453,0.14741814627789543,0.6950643427268285
125,0.06336536895259814,0.045284248248900476,0.04707607102133898,0.14660368138133245,0.6973448444372048
126,0.06320247597328556,0.04512135526958788,0.04658739208340121,0.14253135689851767,0.7022316338165825
127,0.06303958299397296,0.04495846229027529,0.04544714122821306,0.14155399902264212,0.7046750285062714
128,0.06287669001466037,0.0447955693109627,0.044306890373024925,0.13911060433295325,0.7085844600097736
129,0.06255090405603518,0.044632676331650106,0.04316663951783678,0.1381332464570777,0.711190747678775
130,0.06222511809741,0.04446978335233751,0.042677960579899005,0.13520117282945104,0.7151001791822772
131,0.06157354618015964,0.04414399739371233,0.04121192376608568,0.1322690992018244,0.7204756474995928
132,0.06124776022153445,0.043655318455774555,0.04072324482814791,0.12966281153282294,0.724385079003095
133,0.06075908128359668,0.04349242547646196,0.039908779931584946,0.1267307379051963,0.7287831894445349
134,0.06043329532497149,0.04349242547646196,0.03876852907639681,0.12575338002932074,0.7312265841342238
135,0.06043329532497149,0.043329532497149374,0.03730249226258348,0.12347287831894445,0.735136015637726
136,0.060270402345658905,0.043329532497149374,0.03599934842808275,0.12282130640169409,0.7372536243687897
137,0.060270402345658905,0.04316663951783678,0.034533311614269424,0.12151816256719336,0.7401856979964163
138,0.05994461638703372,0.0428408535592116,0.03388173969701906,0.11858608893956671,0.7444209154585437
139,0.05994461638703372,0.0428408535592116,0.0330672748004561,0.1166313731878156,0.7471900961068578
140,0.059293044469783354,0.0428408535592116,0.03274148884183092,0.11353640658087637,0.7512624205896726
141,0.05913015149047076,0.0428408535592116,0.03192702394526796,0.11158169082912527,0.7541944942172992
142,0.058967258511158166,0.042677960579899005,0.030460987131454634,0.1107672259325623,0.7568007818863007
143,0.058641472552532985,0.042677960579899005,0.029483629255579083,0.10864961720149861,0.7602215344518651
144,0.05815279361459521,0.042677960579899005,0.028669164359016126,0.10620622251180974,0.7639680729760547
145,0.05798990063528262,0.042677960579899005,0.02834337840039094,0.10392572080143346,0.7667372536243688
146,0.05782700765597003,0.042677960579899005,0.027528913503827985,0.10359993484280827,0.7680403974588695
147,0.05750122169734485,0.04251506760058642,0.026714448607265028,0.10197100504968236,0.7709724710864961
148,0.05733832871803225,0.04235217462127382,0.025411304772764293,0.10066786121518162,0.7739045447141228
149,0.05733832871803225,0.04235217462127382,0.024596839876201336,0.09871314546343053,0.7766737253624368
150,0.05701254275940707,0.04218928164196123,0.02410816093826356,0.0970842156703046,0.7792800130314383
151,0.05668675680078188,0.04186349568333605,0.02394526795895097,0.09626975077374166,0.7809089428245642
152,0.05668675680078188,0.04153770972471087,0.02313080306238801,0.09382635608405278,0.7844925883694412
153,0.0563609708421567,0.04153770972471087,0.022642124124450238,0.09187164033230168,0.7872617690177554
154,0.056198077862844115,0.04153770972471087,0.022316338165825053,0.0895911386219254,0.7900309496660693
155,0.05603518488353152,0.04121192376608568,0.022153445186512463,0.0876364228701743,0.7926372373350709
156,0.05603518488353152,0.04121192376608568,0.021501873269262096,0.08633327903567356,0.794591953086822
157,0.05603518488353152,0.04121192376608568,0.02101319433132432,0.08388988434598468,0.7975240267144486
158,0.055872291904218926,0.04121192376608568,0.020524515393386546,0.08323831242873432,0.7988271705489494
159,0.05570939892490634,0.04121192376608568,0.020524515393386546,0.08030623880110767,0.8019221371558886
160,0.055546505945593745,0.04121192376608568,0.01987294347613618,0.07949177390454472,0.8035510669490145
161,0.055546505945593745,0.04121192376608568,0.019384264538198404,0.07688548623554325,0.8066460335559538
162,0.05538361296628115,0.04104903078677309,0.019384264538198404,0.07541944942172993,0.8084378563283923
163,0.05473204104903079,0.04104903078677309,0.019384264538198404,0.0739534126079166,0.810555465059456
164,0.054569148069718194,0.04104903078677309,0.01889558560026063,0.07330184069066623,0.8118586088939567
165,0.054569148069718194,0.04104903078677309,0.018081120703697672,0.07183580387685291,0.814139110604333
166,0.054569148069718194,0.04104903078677309,0.017918227724385078,0.07085844600097736,0.8152793614595211
167,0.054569148069718194,0.04104903078677309,0.01710376282782212,0.0700439811044144,0.816908291252647
168,0.054569148069718194,0.0408861378074605,0.016452190910571755,0.06906662322853885,0.8187001140250855
169,0.054569148069718194,0.04072324482814791,0.01596351197263398,0.06857794429060107,0.8198403648802737
170,0.054569148069718194,0.040560351848835316,0.015311940055383612,0.06776347939403812,0.8214692946733996
171,0.054569148069718194,0.040234565890210135,0.015149047076071022,0.06515719172503665,0.8245642612803388
172,0.054569148069718194,0.040234565890210135,0.014497475158820656,0.06385404789053592,0.8265189770320899
173,0.0544062550904056,0.04007167291089754,0.014334582179508063,0.06206222511809741,0.8287994787424662
174,0.0544062550904056,0.04007167291089754,0.01417168920019547,0.06124776022153445,0.8297768366183418
175,0.0544062550904056,0.04007167291089754,0.013845903241570288,0.06043329532497149,0.8309170874735299
176,0.05424336211109301,0.039908779931584946,0.013845903241570288,0.058641472552532985,0.8330346962045936
177,0.05408046913178042,0.03974588695227236,0.013520117282945105,0.05815279361459521,0.8341749470597817
178,0.05408046913178042,0.03974588695227236,0.01303143834500733,0.05701254275940707,0.8358038768529077
179,0.05391757615246783,0.03974588695227236,0.012868545365694739,0.055872291904218926,0.837269913666721
180,0.05391757615246783,0.03974588695227236,0.012542759407069556,0.05473204104903079,0.8387359504805343
181,0.05391757615246783,0.03974588695227236,0.01205408046913178,0.053591790193842644,0.8403648802736602
182,0.05391757615246783,0.03974588695227236,0.01189118748981919,0.05228864635934191,0.8418309170874735
183,0.05391757615246783,0.03974588695227236,0.011565401531194005,0.05131128848346636,0.8431340609219743
184,0.05391757615246783,0.03974588695227236,0.011402508551881414,0.05017103762827822,0.844437204756475
185,0.05391757615246783,0.03974588695227236,0.011076722593256231,0.05033393060759081,0.8446000977357876
186,0.05391757615246783,0.03974588695227236,0.010750936634631048,0.04919367975240267,0.8460661345496009
187,0.05391757615246783,0.03974588695227236,0.010750936634631048,0.047727642938589346,0.8475321713634142
188,0.05391757615246783,0.03974588695227236,0.010262257696693273,0.04691317804202639,0.848835315197915
189,0.05391757615246783,0.039582993972959765,0.01009936471738068,0.04561003420752566,0.8504642449910409
190,0.05375468317315524,0.039582993972959765,0.00993647173806809,0.044632676331650106,0.8517673888255416
191,0.05375468317315524,0.039582993972959765,0.009447792800130314,0.04414399739371233,0.8527447467014172
192,0.053591790193842644,0.039582993972959765,0.009447792800130314,0.0428408535592116,0.8542107835152305
193,0.053591790193842644,0.039582993972959765,0.009284899820817722,0.04104903078677309,0.8561654992669816
194,0.053591790193842644,0.039582993972959765,0.008959113862192539,0.04007167291089754,0.8574686431014823
195,0.053591790193842644,0.039582993972959765,0.008796220882879948,0.039257208014334584,0.8584460009773579
196,0.053591790193842644,0.039582993972959765,0.008633327903567356,0.03876852907639681,0.8590975728946082
197,0.053591790193842644,0.039582993972959765,0.008470434924254765,0.03795406417983385,0.8600749307704838
198,0.053428897214530056,0.039582993972959765,0.008470434924254765,0.03681381332464571,0.8613780746049845
199,0.053428897214530056,0.039582993972959765,0.008307541944942173,0.036162241407395344,0.8621925395015475
200,0.05326600423521746,0.03942010099364717,0.008470434924254765,0.03567356246945757,0.8628441114187978
201,0.05326600423521746,0.03942010099364717,0.008307541944942173,0.034533311614269424,0.8641472552532986
202,0.05326600423521746,0.03942010099364717,0.008307541944942173,0.03290438182114351,0.8657761850464245
203,0.05326600423521746,0.03942010099364717,0.00814464896562958,0.03160123798664278,0.8672422218602378
204,0.05310311125590487,0.039257208014334584,0.00798175598631699,0.03127545202801759,0.8680566867568008
205,0.05310311125590487,0.039257208014334584,0.007655970027691806,0.03078677309007982,0.8688711516533637
206,0.05310311125590487,0.039257208014334584,0.007655970027691806,0.030135201172829452,0.8695227235706141
207,0.05310311125590487,0.039257208014334584,0.007493077048379215,0.0291578432969539,0.8706629744258022
208,0.05310311125590487,0.039257208014334584,0.007493077048379215,0.028669164359016126,0.87115165336374
209,0.05310311125590487,0.039257208014334584,0.007167291089754032,0.02818048542107835,0.871966118260303
210,0.05310311125590487,0.03909431503502199,0.007167291089754032,0.027528913503827985,0.8727805831568659
211,0.05310311125590487,0.038931422055709396,0.0068415051311288486,0.027691806483140576,0.8731063691154911
212,0.05310311125590487,0.038931422055709396,0.0068415051311288486,0.02687734158657762,0.8739208340120541
213,0.05294021827659228,0.038931422055709396,0.00700439811044144,0.02606287669001466,0.874735298908617
214,0.05294021827659228,0.038931422055709396,0.00700439811044144,0.025411304772764293,0.8753868708258674
215,0.05294021827659228,0.038931422055709396,0.006678612151816257,0.024759732855513927,0.8763642287017429
216,0.05294021827659228,0.038931422055709396,0.006515719172503665,0.024759732855513927,0.8765271216810555
217,0.05277732529727969,0.038931422055709396,0.006515719172503665,0.02427105391757615,0.8771786935983059
218,0.05277732529727969,0.038931422055709396,0.006189933213878482,0.023619482000325785,0.8781560514741814
219,0.05277732529727969,0.038931422055709396,0.00602704023456589,0.023456589021013195,0.8784818374328066
220,0.05261443231796709,0.038931422055709396,0.005864147255253299,0.023456589021013195,0.8788076233914318
221,0.05261443231796709,0.03876852907639681,0.005864147255253299,0.023456589021013195,0.8789705163707444
222,0.05261443231796709,0.03876852907639681,0.005701254275940707,0.02313080306238801,0.8794591953086822
223,0.052451539338654506,0.03876852907639681,0.005701254275940707,0.022479231145137644,0.8802736602052451
224,0.05228864635934191,0.038605636097084214,0.005701254275940707,0.022153445186512463,0.8809252321224955
225,0.05228864635934191,0.038605636097084214,0.005538361296628116,0.02101319433132432,0.8822283759569962
226,0.05228864635934191,0.03844274311777163,0.005375468317315524,0.020850301352011727,0.882717054894934
227,0.05228864635934191,0.03844274311777163,0.005212575338002932,0.02101319433132432,0.882717054894934
228,0.05228864635934191,0.03844274311777163,0.00504968235869034,0.020850301352011727,0.8830428408535592
229,0.05212575338002932,0.03844274311777163,0.004886789379377749,0.020524515393386546,0.8836944127708096
230,0.05196286040071673,0.03844274311777163,0.004886789379377749,0.01987294347613618,0.8845088776673725
231,0.05196286040071673,0.03844274311777163,0.004886789379377749,0.01905847857957322,0.8853233425639355
232,0.05196286040071673,0.03844274311777163,0.004886789379377749,0.018244013683010263,0.8861378074604984
233,0.05196286040071673,0.03844274311777163,0.004235217462127383,0.018406906662322853,0.8866264863984362
234,0.051799967421404136,0.03844274311777163,0.004235217462127383,0.018081120703697672,0.887115165336374
235,0.051799967421404136,0.03844274311777163,0.00407232448281479,0.017918227724385078,0.8874409512949992
236,0.051799967421404136,0.03827985013845903,0.003583645544877016,0.017755334745072487,0.8882554161915621
237,0.051799967421404136,0.03827985013845903,0.003583645544877016,0.017429548786447303,0.8885812021501873
238,0.051799967421404136,0.03827985013845903,0.0034207525655644243,0.017266655807134712,0.8889069881088125
239,0.051799967421404136,0.03827985013845903,0.0034207525655644243,0.016777976869196937,0.8893956670467503
240,0.05163707444209155,0.03827985013845903,0.003583645544877016,0.016615083889884346,0.8895585600260629
241,0.05163707444209155,0.03827985013845903,0.003583645544877016,0.01612640495194657,0.8900472389640006
242,0.05163707444209155,0.03811695715914644,0.003583645544877016,0.015637726014008795,0.890698810881251
243,0.05163707444209155,0.03811695715914644,0.0034207525655644243,0.015637726014008795,0.8908617038605636
244,0.051474181462778955,0.03811695715914644,0.0034207525655644243,0.015637726014008795,0.8910245968398762
245,0.05131128848346636,0.03795406417983385,0.003583645544877016,0.015311940055383612,0.891513275777814
246,0.05131128848346636,0.037465385241896076,0.003583645544877016,0.015149047076071022,0.8921648476950643
247,0.05131128848346636,0.037465385241896076,0.003094966606939241,0.015474833034696205,0.8923277406743769
248,0.05131128848346636,0.037465385241896076,0.0029320736276266493,0.014823261117445839,0.8931422055709399
249,0.05131128848346636,0.037465385241896076,0.0029320736276266493,0.014334582179508063,0.8936308845088776
250,0.05131128848346636,0.037465385241896076,0.0029320736276266493,0.013845903241570288,0.8941195634468154
251,0.05131128848346636,0.037465385241896076,0.0029320736276266493,0.013357224303632514,0.8946082423847532
252,0.05131128848346636,0.037465385241896076,0.002769180648314058,0.012868545365694739,0.8952598143020036
253,0.05131128848346636,0.037465385241896076,0.002606287669001466,0.012542759407069556,0.8957484932399413
254,0.05131128848346636,0.037465385241896076,0.0024433946896888744,0.012216973448444373,0.8962371721778791
255,0.05131128848346636,0.037465385241896076,0.0024433946896888744,0.011565401531194005,0.8968887440951295
256,0.051148395504153774,0.037465385241896076,0.002606287669001466,0.011402508551881414,0.8970516370744421
257,0.051148395504153774,0.037465385241896076,0.0024433946896888744,0.011402508551881414,0.8972145300537547
258,0.05098550252484118,0.037465385241896076,0.002606287669001466,0.011076722593256231,0.8975403160123798
259,0.05098550252484118,0.037465385241896076,0.002280501710376283,0.011076722593256231,0.897866101971005
260,0.05098550252484118,0.037465385241896076,0.0021176087310636913,0.011076722593256231,0.8980289949503176
261,0.05098550252484118,0.03730249226258348,0.0021176087310636913,0.010913829613943639,0.8983547809089428
262,0.05098550252484118,0.03730249226258348,0.0021176087310636913,0.010425150676005863,0.8988434598468806
263,0.05098550252484118,0.03730249226258348,0.0019547157517510994,0.01009936471738068,0.8993321387848183
264,0.05098550252484118,0.03730249226258348,0.0019547157517510994,0.00993647173806809,0.8994950317641309
265,0.05098550252484118,0.03730249226258348,0.0016289297931259162,0.00993647173806809,0.8998208177227561
266,0.05098550252484118,0.03730249226258348,0.0016289297931259162,0.009447792800130314,0.9003094966606939
267,0.050822609545528585,0.03730249226258348,0.001791822772438508,0.009447792800130314,0.9003094966606939
268,0.050659716566216,0.03730249226258348,0.001791822772438508,0.009610685779442907,0.9003094966606939
269,0.050496823586903404,0.03730249226258348,0.001791822772438508,0.009447792800130314,0.9006352826193191
270,0.050496823586903404,0.03730249226258348,0.0016289297931259162,0.009284899820817722,0.9009610685779443
271,0.050496823586903404,0.03730249226258348,0.0016289297931259162,0.009122006841505131,0.9011239615572569
272,0.05033393060759081,0.03730249226258348,0.001791822772438508,0.008959113862192539,0.9012868545365694
273,0.05033393060759081,0.03730249226258348,0.001791822772438508,0.008959113862192539,0.9012868545365694
274,0.05033393060759081,0.03730249226258348,0.0016289297931259162,0.008796220882879948,0.9016126404951946
275,0.05033393060759081,0.03730249226258348,0.0016289297931259162,0.008796220882879948,0.9016126404951946
276,0.05017103762827822,0.03730249226258348,0.001791822772438508,0.008307541944942173,0.9021013194331324
277,0.05000814464896563,0.03730249226258348,0.0019547157517510994,0.007818863007004398,0.9025899983710702
278,0.05000814464896563,0.03730249226258348,0.001791822772438508,0.007818863007004398,0.9027528913503828
279,0.05000814464896563,0.03730249226258348,0.001791822772438508,0.007655970027691806,0.9029157843296954
280,0.05000814464896563,0.03730249226258348,0.001791822772438508,0.007330184069066623,0.9032415702883205
281,0.05000814464896563,0.03730249226258348,0.001791822772438508,0.007167291089754032,0.9034044632676331
282,0.05000814464896563,0.03730249226258348,0.001791822772438508,0.00700439811044144,0.9035673562469457
283,0.049845251669653035,0.03730249226258348,0.0019547157517510994,0.0068415051311288486,0.9037302492262583
284,0.049845251669653035,0.03730249226258348,0.001791822772438508,0.006678612151816257,0.9040560351848835
285,0.049845251669653035,0.03730249226258348,0.001791822772438508,0.006678612151816257,0.9040560351848835
286,0.049845251669653035,0.03730249226258348,0.0016289297931259162,0.006515719172503665,0.9043818211435087
287,0.04968235869034045,0.03730249226258348,0.001791822772438508,0.006515719172503665,0.9043818211435087
288,0.04968235869034045,0.03730249226258348,0.0016289297931259162,0.006678612151816257,0.9043818211435087
289,0.04968235869034045,0.03730249226258348,0.0014660368138133247,0.0068415051311288486,0.9043818211435087
290,0.04968235869034045,0.03730249226258348,0.0014660368138133247,0.006678612151816257,0.9045447141228213
291,0.04968235869034045,0.03730249226258348,0.0014660368138133247,0.006352826193191073,0.9048705000814465
292,0.04968235869034045,0.03730249226258348,0.0014660368138133247,0.006189933213878482,0.905033393060759
293,0.04968235869034045,0.03730249226258348,0.001303143834500733,0.006189933213878482,0.9051962860400716
294,0.04968235869034045,0.03730249226258348,0.001303143834500733,0.005701254275940707,0.9056849649780094
295,0.04968235869034045,0.03730249226258348,0.001303143834500733,0.005375468317315524,0.9060107509366346
296,0.04968235869034045,0.03730249226258348,9.773578758755497E-4,0.005375468317315524,0.9063365368952598
297,0.04968235869034045,0.03730249226258348,9.773578758755497E-4,0.005375468317315524,0.9063365368952598
298,0.04968235869034045,0.03730249226258348,8.144648965629581E-4,0.005212575338002932,0.906662322853885
299,0.04951946571102785,0.03730249226258348,8.144648965629581E-4,0.005375468317315524,0.906662322853885
300,0.04951946571102785,0.03730249226258348,8.144648965629581E-4,0.00504968235869034,0.9069881088125101
301,0.04951946571102785,0.03730249226258348,6.515719172503665E-4,0.004886789379377749,0.9073138947711353
302,0.04951946571102785,0.03730249226258348,6.515719172503665E-4,0.004561003420752566,0.9076396807297605
303,0.04951946571102785,0.03730249226258348,6.515719172503665E-4,0.004561003420752566,0.9076396807297605
304,0.04951946571102785,0.03730249226258348,6.515719172503665E-4,0.004561003420752566,0.9076396807297605
305,0.04951946571102785,0.03730249226258348,6.515719172503665E-4,0.004561003420752566,0.9076396807297605
306,0.049356572731715266,0.03730249226258348,8.144648965629581E-4,0.004398110441439974,0.9078025737090731
307,0.04919367975240267,0.03730249226258348,8.144648965629581E-4,0.004398110441439974,0.9079654666883857
308,0.04919367975240267,0.03730249226258348,8.144648965629581E-4,0.004235217462127383,0.9081283596676983
309,0.04919367975240267,0.03730249226258348,8.144648965629581E-4,0.004235217462127383,0.9081283596676983
310,0.04919367975240267,0.03730249226258348,8.144648965629581E-4,0.004235217462127383,0.9081283596676983
311,0.04919367975240267,0.03730249226258348,8.144648965629581E-4,0.00407232448281479,0.9082912526470109
312,0.04919367975240267,0.03730249226258348,8.144648965629581E-4,0.00407232448281479,0.9082912526470109
313,0.04919367975240267,0.03730249226258348,8.144648965629581E-4,0.003909431503502199,0.9084541456263235
314,0.04919367975240267,0.03730249226258348,8.144648965629581E-4,0.003909431503502199,0.9084541456263235
315,0.04919367975240267,0.03730249226258348,6.515719172503665E-4,0.003583645544877016,0.9089428245642612
316,0.04919367975240267,0.03730249226258348,6.515719172503665E-4,0.003583645544877016,0.9089428245642612
317,0.04919367975240267,0.03730249226258348,6.515719172503665E-4,0.0034207525655644243,0.9091057175435738
318,0.04919367975240267,0.03730249226258348,6.515719172503665E-4,0.0034207525655644243,0.9091057175435738
319,0.04919367975240267,0.03730249226258348,4.886789379377749E-4,0.0034207525655644243,0.9092686105228864
320,0.04919367975240267,0.03730249226258348,4.886789379377749E-4,0.0034207525655644243,0.9092686105228864
321,0.04919367975240267,0.03730249226258348,4.886789379377749E-4,0.0034207525655644243,0.9092686105228864
322,0.04919367975240267,0.03730249226258348,3.2578595862518323E-4,0.003583645544877016,0.9092686105228864
323,0.04919367975240267,0.03730249226258348,3.2578595862518323E-4,0.0034207525655644243,0.909431503502199
324,0.04919367975240267,0.03730249226258348,3.2578595862518323E-4,0.0034207525655644243,0.909431503502199
325,0.04919367975240267,0.03730249226258348,3.2578595862518323E-4,0.0034207525655644243,0.909431503502199
326,0.04919367975240267,0.03730249226258348,3.2578595862518323E-4,0.0034207525655644243,0.909431503502199
327,0.04919367975240267,0.03730249226258348,3.2578595862518323E-4,0.0034207525655644243,0.909431503502199
328,0.04919367975240267,0.03730249226258348,1.6289297931259162E-4,0.003583645544877016,0.909431503502199
329,0.04919367975240267,0.03730249226258348,1.6289297931259162E-4,0.0032578595862518323,0.9097572894608242
330,0.04919367975240267,0.03730249226258348,1.6289297931259162E-4,0.0032578595862518323,0.9097572894608242
331,0.04919367975240267,0.03730249226258348,1.6289297931259162E-4,0.0032578595862518323,0.9097572894608242
332,0.04919367975240267,0.03730249226258348,1.6289297931259162E-4,0.0032578595862518323,0.9097572894608242
333,0.04919367975240267,0.03730249226258348,1.6289297931259162E-4,0.003094966606939241,0.9099201824401368
334,0.04919367975240267,0.03730249226258348,1.6289297931259162E-4,0.003094966606939241,0.9099201824401368
335,0.04919367975240267,0.03730249226258348,1.6289297931259162E-4,0.003094966606939241,0.9099201824401368
336,0.04919367975240267,0.03730249226258348,1.6289297931259162E-4,0.003094966606939241,0.9099201824401368
337,0.04919367975240267,0.03730249226258348,1.6289297931259162E-4,0.003094966606939241,0.9099201824401368
338,0.04919367975240267,0.03730249226258348,1.6289297931259162E-4,0.0029320736276266493,0.9100830754194494
339,0.04919367975240267,0.03730249226258348,1.6289297931259162E-4,0.0029320736276266493,0.9100830754194494
340,0.04919367975240267,0.03730249226258348,1.6289297931259162E-4,0.0029320736276266493,0.9100830754194494
341,0.04919367975240267,0.03730249226258348,1.6289297931259162E-4,0.0029320736276266493,0.9100830754194494
342,0.04919367975240267,0.03730249226258348,1.6289297931259162E-4,0.002606287669001466,0.9104088613780746
343,0.04919367975240267,0.03730249226258348,1.6289297931259162E-4,0.002606287669001466,0.9104088613780746
344,0.04919367975240267,0.03730249226258348,1.6289297931259162E-4,0.0024433946896888744,0.9105717543573872
345,0.04919367975240267,0.03730249226258348,1.6289297931259162E-4,0.0024433946896888744,0.9105717543573872
346,0.04919367975240267,0.03730249226258348,1.6289297931259162E-4,0.0024433946896888744,0.9105717543573872
347,0.04919367975240267,0.03730249226258348,1.6289297931259162E-4,0.0024433946896888744,0.9105717543573872
348,0.04919367975240267,0.03730249226258348,1.6289297931259162E-4,0.0024433946896888744,0.9105717543573872
349,0.04919367975240267,0.03730249226258348,1.6289297931259162E-4,0.002280501710376283,0.9107346473366998
350,0.04919367975240267,0.03730249226258348,1.6289297931259162E-4,0.002280501710376283,0.9107346473366998
351,0.04919367975240267,0.03730249226258348,1.6289297931259162E-4,0.002280501710376283,0.9107346473366998
352,0.04919367975240267,0.03730249226258348,1.6289297931259162E-4,0.0021176087310636913,0.9108975403160123
353,0.04919367975240267,0.03730249226258348,1.6289297931259162E-4,0.0021176087310636913,0.9108975403160123
354,0.04919367975240267,0.03730249226258348,1.6289297931259162E-4,0.0021176087310636913,0.9108975403160123
355,0.04919367975240267,0.03730249226258348,1.6289297931259162E-4,0.0021176087310636913,0.9108975403160123
356,0.04919367975240267,0.03730249226258348,1.6289297931259162E-4,0.0019547157517510994,0.9110604332953249
357,0.04919367975240267,0.03730249226258348,1.6289297931259162E-4,0.0019547157517510994,0.9110604332953249
358,0.04919367975240267,0.03730249226258348,1.6289297931259162E-4,0.0019547157517510994,0.9110604332953249
359,0.04919367975240267,0.03730249226258348,1.6289297931259162E-4,0.0019547157517510994,0.9110604332953249
360,0.04919367975240267,0.03730249226258348,1.6289297931259162E-4,0.0019547157517510994,0.9110604332953249
361,0.04919367975240267,0.03730249226258348,1.6289297931259162E-4,0.0019547157517510994,0.9110604332953249
362,0.04919367975240267,0.03730249226258348,1.6289297931259162E-4,0.0019547157517510994,0.9110604332953249
363,0.04919367975240267,0.03730249226258348,1.6289297931259162E-4,0.0019547157517510994,0.9110604332953249
364,0.04919367975240267,0.03730249226258348,1.6289297931259162E-4,0.0019547157517510994,0.9110604332953249
365,0.04919367975240267,0.03730249226258348,1.6289297931259162E-4,0.0019547157517510994,0.9110604332953249
366,0.04919367975240267,0.03730249226258348,1.6289297931259162E-4,0.001791822772438508,0.9112233262746375
367,0.04919367975240267,0.03730249226258348,1.6289297931259162E-4,0.001791822772438508,0.9112233262746375
368,0.04919367975240267,0.03730249226258348,1.6289297931259162E-4,0.001791822772438508,0.9112233262746375
369,0.04919367975240267,0.03730249226258348,1.6289297931259162E-4,0.001791822772438508,0.9112233262746375
370,0.04919367975240267,0.03730249226258348,1.6289297931259162E-4,0.001791822772438508,0.9112233262746375
371,0.04919367975240267,0.03730249226258348,1.6289297931259162E-4,0.0016289297931259162,0.9113862192539501
372,0.04919367975240267,0.03730249226258348,1.6289297931259162E-4,0.0016289297931259162,0.9113862192539501
373,0.04919367975240267,0.03730249226258348,1.6289297931259162E-4,0.0016289297931259162,0.9113862192539501
374,0.04919367975240267,0.03730249226258348,1.6289297931259162E-4,0.0014660368138133247,0.9115491122332627
375,0.04919367975240267,0.03730249226258348,1.6289297931259162E-4,0.001303143834500733,0.9117120052125753
376,0.04919367975240267,0.03730249226258348,1.6289297931259162E-4,0.001303143834500733,0.9117120052125753
377,0.04919367975240267,0.03730249226258348,1.6289297931259162E-4,0.0011402508551881414,0.9118748981918879
378,0.04919367975240267,0.03730249226258348,1.6289297931259162E-4,0.0011402508551881414,0.9118748981918879
379,0.04919367975240267,0.03730249226258348,1.6289297931259162E-4,0.0011402508551881414,0.9118748981918879
380,0.04919367975240267,0.03730249226258348,1.6289297931259162E-4,0.0011402508551881414,0.9118748981918879
381,0.04919367975240267,0.03730249226258348,0.0,9.773578758755497E-4,0.9122006841505131
382,0.04919367975240267,0.03730249226258348,0.0,9.773578758755497E-4,0.9122006841505131
383,0.04919367975240267,0.03730249226258348,0.0,9.773578758755497E-4,0.9122006841505131
384,0.04919367975240267,0.03730249226258348,0.0,9.773578758755497E-4,0.9122006841505131
385,0.04919367975240267,0.03730249226258348,0.0,9.773578758755497E-4,0.9122006841505131
386,0.04919367975240267,0.03730249226258348,0.0,9.773578758755497E-4,0.9122006841505131
387,0.04919367975240267,0.03730249226258348,0.0,9.773578758755497E-4,0.9122006841505131
388,0.04919367975240267,0.03730249226258348,0.0,9.773578758755497E-4,0.9122006841505131
389,0.04919367975240267,0.03730249226258348,0.0,9.773578758755497E-4,0.9122006841505131
390,0.04919367975240267,0.03730249226258348,0.0,9.773578758755497E-4,0.9122006841505131
391,0.04919367975240267,0.03730249226258348,0.0,8.144648965629581E-4,0.9123635771298257
392,0.04919367975240267,0.03730249226258348,0.0,8.144648965629581E-4,0.9123635771298257
393,0.04919367975240267,0.03730249226258348,0.0,6.515719172503665E-4,0.9125264701091383
394,0.04919367975240267,0.03730249226258348,0.0,6.515719172503665E-4,0.9125264701091383
395,0.04919367975240267,0.03730249226258348,0.0,6.515719172503665E-4,0.9125264701091383
396,0.04919367975240267,0.03730249226258348,0.0,6.515719172503665E-4,0.9125264701091383
397,0.04919367975240267,0.03730249226258348,0.0,6.515719172503665E-4,0.9125264701091383
398,0.04919367975240267,0.03730249226258348,0.0,6.515719172503665E-4,0.9125264701091383
399,0.04919367975240267,0.03730249226258348,0.0,6.515719172503665E-4,0.9125264701091383
400,0.04919367975240267,0.03730249226258348,0.0,6.515719172503665E-4,0.9125264701091383
401,0.04919367975240267,0.03730249226258348,0.0,6.515719172503665E-4,0.9125264701091383
402,0.04919367975240267,0.03730249226258348,0.0,6.515719172503665E-4,0.9125264701091383
403,0.04919367975240267,0.03730249226258348,0.0,6.515719172503665E-4,0.9125264701091383
404,0.04919367975240267,0.03730249226258348,0.0,6.515719172503665E-4,0.9125264701091383
405,0.04919367975240267,0.03730249226258348,0.0,6.515719172503665E-4,0.9125264701091383
406,0.04919367975240267,0.03730249226258348,0.0,6.515719172503665E-4,0.9125264701091383
407,0.04919367975240267,0.03730249226258348,0.0,6.515719172503665E-4,0.9125264701091383
408,0.04919367975240267,0.03730249226258348,0.0,6.515719172503665E-4,0.9125264701091383
409,0.04919367975240267,0.03730249226258348,0.0,6.515719172503665E-4,0.9125264701091383
410,0.04919367975240267,0.03730249226258348,0.0,6.515719172503665E-4,0.9125264701091383
411,0.04919367975240267,0.03730249226258348,0.0,4.886789379377749E-4,0.9126893630884508
412,0.04919367975240267,0.03730249226258348,0.0,4.886789379377749E-4,0.9126893630884508
413,0.04919367975240267,0.03730249226258348,0.0,4.886789379377749E-4,0.9126893630884508
414,0.04919367975240267,0.03730249226258348,0.0,4.886789379377749E-4,0.9126893630884508
415,0.04919367975240267,0.03730249226258348,0.0,4.886789379377749E-4,0.9126893630884508
416,0.04919367975240267,0.03730249226258348,0.0,3.2578595862518323E-4,0.9128522560677634
417,0.04919367975240267,0.03730249226258348,0.0,3.2578595862518323E-4,0.9128522560677634
418,0.04919367975240267,0.03730249226258348,0.0,3.2578595862518323E-4,0.9128522560677634
419,0.04919367975240267,0.03730249226258348,0.0,3.2578595862518323E-4,0.9128522560677634
420,0.04919367975240267,0.03730249226258348,0.0,3.2578595862518323E-4,0.9128522560677634
421,0.04919367975240267,0.03730249226258348,0.0,3.2578595862518323E-4,0.9128522560677634
422,0.04919367975240267,0.03730249226258348,0.0,3.2578595862518323E-4,0.9128522560677634
423,0.04919367975240267,0.03730249226258348,0.0,3.2578595862518323E-4,0.9128522560677634
424,0.04919367975240267,0.03730249226258348,0.0,3.2578595862518323E-4,0.9128522560677634
425,0.04919367975240267,0.03730249226258348,0.0,3.2578595862518323E-4,0.9128522560677634
426,0.04919367975240267,0.03730249226258348,0.0,3.2578595862518323E-4,0.9128522560677634
427,0.04919367975240267,0.03730249226258348,0.0,3.2578595862518323E-4,0.9128522560677634
428,0.04919367975240267,0.03730249226258348,0.0,3.2578595862518323E-4,0.9128522560677634
429,0.04919367975240267,0.03730249226258348,0.0,3.2578595862518323E-4,0.9128522560677634
430,0.04919367975240267,0.03730249226258348,0.0,3.2578595862518323E-4,0.9128522560677634
431,0.04919367975240267,0.03730249226258348,0.0,3.2578595862518323E-4,0.9128522560677634
432,0.04919367975240267,0.03730249226258348,0.0,3.2578595862518323E-4,0.9128522560677634
433,0.04919367975240267,0.03730249226258348,0.0,3.2578595862518323E-4,0.9128522560677634
434,0.04919367975240267,0.03730249226258348,0.0,3.2578595862518323E-4,0.9128522560677634
435,0.04919367975240267,0.03730249226258348,0.0,3.2578595862518323E-4,0.9128522560677634
436,0.04919367975240267,0.03730249226258348,0.0,3.2578595862518323E-4,0.9128522560677634
437,0.04919367975240267,0.03730249226258348,0.0,3.2578595862518323E-4,0.9128522560677634
438,0.04919367975240267,0.03730249226258348,0.0,3.2578595862518323E-4,0.9128522560677634
439,0.04919367975240267,0.03730249226258348,0.0,3.2578595862518323E-4,0.9128522560677634
440,0.04919367975240267,0.03730249226258348,0.0,3.2578595862518323E-4,0.9128522560677634
441,0.04919367975240267,0.03730249226258348,0.0,3.2578595862518323E-4,0.9128522560677634
442,0.04919367975240267,0.03730249226258348,0.0,1.6289297931259162E-4,0.913015149047076
443,0.04919367975240267,0.03730249226258348,0.0,0.0,0.9131780420263886
444,0.04919367975240267,0.03730249226258348,0.0,0.0,0.9131780420263886
445,0.04919367975240267,0.03730249226258348,0.0,0.0,0.9131780420263886
446,0.04919367975240267,0.03730249226258348,0.0,0.0,0.9131780420263886
447,0.04919367975240267,0.03730249226258348,0.0,0.0,0.9131780420263886
448,0.04919367975240267,0.03730249226258348,0.0,-1.6289297931259162E-4,0.9133409350057012
449,0.04919367975240267,0.03730249226258348,0.0,-1.6289297931259162E-4,0.9133409350057012
450,0.04919367975240267,0.03730249226258348,0.0,-1.6289297931259162E-4,0.9133409350057012
451,0.04919367975240267,0.03730249226258348,0.0,-1.6289297931259162E-4,0.9133409350057012
452,0.04919367975240267,0.03730249226258348,0.0,-1.6289297931259162E-4,0.9133409350057012
453,0.04919367975240267,0.03730249226258348,0.0,-1.6289297931259162E-4,0.9133409350057012
454,0.04919367975240267,0.03730249226258348,0.0,-1.6289297931259162E-4,0.9133409350057012
455,0.04919367975240267,0.03730249226258348,0.0,-1.6289297931259162E-4,0.9133409350057012
456,0.04919367975240267,0.03730249226258348,0.0,-1.6289297931259162E-4,0.9133409350057012
457,0.04919367975240267,0.03730249226258348,0.0,-1.6289297931259162E-4,0.9133409350057012
458,0.04919367975240267,0.03730249226258348,0.0,-1.6289297931259162E-4,0.9133409350057012
459,0.04919367975240267,0.03730249226258348,0.0,-1.6289297931259162E-4,0.9133409350057012
460,0.04919367975240267,0.03730249226258348,0.0,-1.6289297931259162E-4,0.9133409350057012
461,0.04919367975240267,0.03730249226258348,0.0,-1.6289297931259162E-4,0.9133409350057012
462,0.04919367975240267,0.03730249226258348,0.0,-1.6289297931259162E-4,0.9133409350057012
463,0.04919367975240267,0.03730249226258348,0.0,-1.6289297931259162E-4,0.9133409350057012
464,0.04919367975240267,0.03730249226258348,0.0,-1.6289297931259162E-4,0.9133409350057012
465,0.04919367975240267,0.03730249226258348,0.0,-1.6289297931259162E-4,0.9133409350057012
466,0.04919367975240267,0.03730249226258348,0.0,-1.6289297931259162E-4,0.9133409350057012
467,0.04919367975240267,0.03730249226258348,0.0,-1.6289297931259162E-4,0.9133409350057012
468,0.04919367975240267,0.03730249226258348,0.0,-1.6289297931259162E-4,0.9133409350057012
469,0.04919367975240267,0.03730249226258348,0.0,-1.6289297931259162E-4,0.9133409350057012
470,0.04919367975240267,0.03730249226258348,0.0,-1.6289297931259162E-4,0.9133409350057012
471,0.04919367975240267,0.03730249226258348,0.0,-1.6289297931259162E-4,0.9133409350057012
472,0.04919367975240267,0.03730249226258348,0.0,-1.6289297931259162E-4,0.9133409350057012
473,0.04919367975240267,0.03730249226258348,0.0,-1.6289297931259162E-4,0.9133409350057012
474,0.04919367975240267,0.03730249226258348,0.0,-1.6289297931259162E-4,0.9133409350057012
475,0.04919367975240267,0.03730249226258348,0.0,-1.6289297931259162E-4,0.9133409350057012
476,0.04919367975240267,0.03730249226258348,0.0,-1.6289297931259162E-4,0.9133409350057012
477,0.04919367975240267,0.03730249226258348,0.0,-1.6289297931259162E-4,0.9133409350057012
478,0.04919367975240267,0.03730249226258348,0.0,-1.6289297931259162E-4,0.9133409350057012
479,0.04919367975240267,0.03730249226258348,0.0,-1.6289297931259162E-4,0.9133409350057012
480,0.04919367975240267,0.03730249226258348,0.0,-1.6289297931259162E-4,0.9133409350057012
481,0.04919367975240267,0.03730249226258348,0.0,-1.6289297931259162E-4,0.9133409350057012
482,0.04919367975240267,0.03730249226258348,0.0,-1.6289297931259162E-4,0.9133409350057012
483,0.04919367975240267,0.03730249226258348,0.0,-1.6289297931259162E-4,0.9133409350057012
484,0.04919367975240267,0.03730249226258348,0.0,-1.6289297931259162E-4,0.9133409350057012
485,0.04919367975240267,0.03730249226258348,0.0,-1.6289297931259162E-4,0.9133409350057012
486,0.04919367975240267,0.03730249226258348,0.0,-1.6289297931259162E-4,0.9133409350057012
487,0.04919367975240267,0.03730249226258348,0.0,-1.6289297931259162E-4,0.9133409350057012
488,0.04919367975240267,0.03730249226258348,0.0,-1.6289297931259162E-4,0.9133409350057012
489,0.04919367975240267,0.03730249226258348,0.0,-1.6289297931259162E-4,0.9133409350057012
490,0.04919367975240267,0.03730249226258348,0.0,-1.6289297931259162E-4,0.9133409350057012
491,0.04919367975240267,0.03730249226258348,0.0,-1.6289297931259162E-4,0.9133409350057012
492,0.04919367975240267,0.03730249226258348,0.0,-1.6289297931259162E-4,0.9133409350057012
493,0.04919367975240267,0.03730249226258348,0.0,-1.6289297931259162E-4,0.9133409350057012
494,0.04919367975240267,0.03730249226258348,0.0,-1.6289297931259162E-4,0.9133409350057012
495,0.04919367975240267,0.03730249226258348,0.0,-1.6289297931259162E-4,0.9133409350057012
496,0.04919367975240267,0.03730249226258348,0.0,-1.6289297931259162E-4,0.9133409350057012
497,0.04919367975240267,0.03730249226258348,0.0,-1.6289297931259162E-4,0.9133409350057012
498,0.04919367975240267,0.03730249226258348,0.0,-1.6289297931259162E-4,0.9133409350057012
499,0.04919367975240267,0.03730249226258348,0.0,-1.6289297931259162E-4,0.9133409350057012
