0,0.695,0.3,0,0.005,0
1,0.6833360482163219,0.29418472063854045,0.011565401531194005,0.010588043655318456,0.0
2,0.6784492588369442,0.2933702557419775,0.01628929793125916,0.011076722593256231,4.886789379377749E-4
3,0.6732366834989412,0.2920671119074768,0.021338980289949502,0.012216973448444373,8.144648965629581E-4
4,0.6694901449747516,0.29108975403160126,0.024433946896888745,0.013683010262257697,9.773578758755497E-4
5,0.6615083889884346,0.2894608242384753,0.031112559048705,0.015637726014008795,0.0019547157517510994
6,0.6532008470434925,0.28701742954878645,0.03827985013845903,0.01889558560026063,0.002280501710376283
7,0.641798338491611,0.2840853559211598,0.0485421078351523,0.02296791008307542,0.002280501710376283
8,0.6313731878156051,0.28131617527284575,0.0563609708421567,0.02687734158657762,0.0037465385241896073
9,0.6207851441602867,0.27952435250040725,0.06483140576641147,0.02899495031764131,0.005538361296628116
10,0.6061247760221534,0.27528913503827984,0.07704837921485584,0.034859097572894605,0.006352826193191073
11,0.5904870500081446,0.2707281316175273,0.08975403160123799,0.04137481674539827,0.007330184069066623
12,0.5725688222837596,0.26763316501058804,0.10490307867730901,0.04544714122821306,0.009122006841505131
13,0.5574197752076886,0.26242058967258514,0.11744583808437856,0.05228864635934191,0.01009936471738068
14,0.541293370255742,0.256882228375957,0.12998859749144812,0.060270402345658905,0.011239615572568822
15,0.5264701091382962,0.2502036162241407,0.14122821306401695,0.06857794429060107,0.013194331324319922
16,0.5113210620622252,0.24287343215507412,0.15230493565727318,0.07786284411141879,0.015311940055383612
17,0.4960091220068415,0.23700928489982082,0.1637074442091546,0.08551881413911061,0.017429548786447303
18,0.4769506434272683,0.2316338165825053,0.1772275614920997,0.09203453331161426,0.021827659227887278
19,0.4624531682684476,0.22690992018244013,0.18700114025085518,0.0974100016289298,0.025899983710702068
20,0.44241733181299886,0.22104577292718683,0.20215018732692622,0.10539175761524679,0.028669164359016126
21,0.4277569636748656,0.21306401694086985,0.2101319433132432,0.1166313731878156,0.03208991692458055
22,0.41358527447467014,0.2065482977683662,0.22006841505131128,0.12330998533963186,0.036162241407395344
23,0.3979475484606613,0.2005212575338003,0.2300048867893794,0.13129174132594884,0.039908779931584946
24,0.38182114350871477,0.1941684313406092,0.23977846554813487,0.13959928327089102,0.044306890373024925
25,0.3692783841016452,0.18911874898191888,0.24450236194820002,0.14937286202964653,0.047401856979964165
26,0.3583645544877016,0.18390617364391595,0.24971493728620298,0.15491122332627463,0.05277732529727969
27,0.3427268284736928,0.17804202638866265,0.2586740511483955,0.1630558722919042,0.05717543573871966
28,0.3311614269424988,0.17413259488516045,0.2627463756312103,0.16859423358853234,0.06303958299397296
29,0.31992181136993,0.1692458055057827,0.26567844925883694,0.17673888255416192,0.0680892653526633
30,0.30982244665254927,0.16517348102296792,0.26730737905196283,0.18390617364391595,0.07346473366997883
31,0.2998859749144812,0.1597980127056524,0.26812184394852584,0.19270239452679588,0.07916598794591953
32,0.2902752891350383,0.15588858120215018,0.26975077374165174,0.19954389965792474,0.08421567030460987
33,0.2803388173969702,0.1498615409675843,0.27154259651409024,0.20736276266492915,0.09056849649780095
34,0.2707281316175273,0.14644078840201988,0.2730086333279036,0.2120866590649943,0.0974100016289298
35,0.26030298094152143,0.14139110604332952,0.27528913503827984,0.2179508063202476,0.10474018569799641
36,0.2515067600586415,0.13748167453982732,0.2746375631210295,0.22397784655481348,0.11207036976706304
37,0.2433621110930119,0.13324645707769994,0.27528913503827984,0.22870174295487863,0.11907476787750448
38,0.23635771298257044,0.12966281153282294,0.2748004561003421,0.2339143182928816,0.12493891513275777
39,0.23016777976869196,0.1260791659879459,0.27333441928652874,0.23798664277569637,0.13210620622251182
40,0.22218602378237498,0.12298419938100667,0.27137970353477764,0.24368789705163707,0.13943639029157842
41,0.21518162567193355,0.12037791171200521,0.26942498778302654,0.24596839876201335,0.14872129011239615
42,0.2101319433132432,0.11809741000162893,0.26584134223814954,0.24938915132757777,0.15621436716077536
43,0.20361622414073954,0.11516533637400228,0.2651897703208992,0.2515067600586415,0.16419612314709237
44,0.19905522071998696,0.11125590487050008,0.26160612477602213,0.2576966932725199,0.17006027040234567
45,0.19465711027854699,0.1089754031601238,0.25785958625183253,0.2606287669001466,0.17755334745072487
46,0.19025899983710703,0.10571754357387196,0.2549275126242059,0.26225769669327254,0.1865124613129174
47,0.18439485258185373,0.10066786121518162,0.25280990389314223,0.26779605798990064,0.19400553836129664
48,0.17950806320247598,0.0974100016289298,0.2510180811207037,0.27007655970027694,0.20166150838898844
49,0.17429548786447305,0.09643264375305424,0.24645707769995112,0.2730086333279036,0.20948037139599282
50,0.1676168757126568,0.09431503502199055,0.24466525492751262,0.2759407069555302,0.21713634142368463
51,0.16321876527121681,0.09366346310474019,0.2433621110930119,0.2748004561003421,0.22462941847206386
52,0.1593093337677146,0.09187164033230168,0.24059293044469784,0.2767551718520932,0.2311451376445675
53,0.15572568822283758,0.09056849649780095,0.23700928489982082,0.2783841016452191,0.23798664277569637
54,0.15214204267796058,0.08877667372536244,0.2357061410653201,0.2782212086659065,0.24482814790682522
55,0.14872129011239615,0.0874735298908617,0.2313080306238801,0.27952435250040725,0.25264701091382963
56,0.14464896562958138,0.08698485095292392,0.22772438507900308,0.27952435250040725,0.2607916598794592
57,0.14122821306401695,0.0856817071184232,0.2256067763479394,0.276429385893468,0.2707281316175273
58,0.13845903241570287,0.08437856328392246,0.22071998696856165,0.27740674376934354,0.2787098876038443
59,0.13585274474670142,0.08274963349079655,0.21469294673399578,0.2805017103762828,0.2858771786935983
60,0.1345496009122007,0.08128359667698322,0.20948037139599282,0.2783841016452191,0.295976543410979
61,0.13194331324319922,0.0799804528424825,0.20573383287180322,0.27708095781071834,0.3049356572731715
62,0.1303143834500733,0.07802573709073139,0.20084704349242546,0.2787098876038443,0.31177716240430037
63,0.12803388173969701,0.07623391431829288,0.1980778628441114,0.27903567356246944,0.318292881576804
64,0.12493891513275777,0.07525655644241733,0.19351685942335886,0.2805017103762828,0.3254601726665581
65,0.1226584134223815,0.073790519628604,0.19025899983710703,0.27887278058315684,0.33409350057012543
66,0.12037791171200521,0.07297605473204105,0.18537221045772928,0.27903567356246944,0.34191236357712984
67,0.11777162404300374,0.07216158983547809,0.18309170874735298,0.27903567356246944,0.34761361785307054
68,0.11597980127056524,0.07053266004235217,0.18032252809903893,0.2787098876038443,0.3541293370255742
69,0.11549112233262747,0.06971819514578921,0.175109952761036,0.27919856654178205,0.3601563772601401
70,0.11369929956018895,0.06890373024922626,0.17217787913340935,0.2780583156865939,0.36683498941195636
71,0.11255904870500082,0.06776347939403812,0.16647662485746864,0.27691806483140574,0.37595699625346146
72,0.11158169082912527,0.06711190747678775,0.16142694249877831,0.27398599120377914,0.38556768203290437
73,0.10995276103599935,0.06646033555953738,0.1571917250366509,0.272845740348591,0.3932236520605962
74,0.10783515230493566,0.06580876364228702,0.15458543736764946,0.2721941684313406,0.3992506922951621
75,0.10620622251180974,0.06499429874572406,0.15263072161589836,0.2687734158657762,0.4070695553021665
76,0.10522886463593419,0.06450561980778628,0.14904707607102133,0.26616712819677474,0.4147255253298583
77,0.1032741488841831,0.0641798338491611,0.14676657436064505,0.2611174458380844,0.4243362111093012
78,0.10278546994624532,0.062388011076722594,0.14041374816745397,0.2629092686105229,0.43117771624043005
79,0.10213389802899495,0.06075908128359668,0.13764456751913992,0.26014008796220883,0.43899657924743446
80,0.101319433132432,0.060596188304284086,0.13373513601563772,0.2575338002932074,0.44648965629581366
81,0.10050496823586903,0.06043329532497149,0.1306401694086985,0.25476461964489333,0.4533311614269425
82,0.09985339631861867,0.05945593744909594,0.12754520280175924,0.2539501547483303,0.4588695227235706
83,0.0990389314220557,0.059293044469783354,0.12477602215344519,0.2503665092034533,0.4661997067926372
84,0.09822446652549276,0.0584785795732204,0.12184394852581854,0.24873757941032743,0.47238964000651573
85,0.0972471086496172,0.05798990063528262,0.1187489819188793,0.2469457566378889,0.4787424661997068
86,0.09626975077374166,0.05750122169734485,0.11597980127056524,0.24433946896888745,0.48558397133083564
87,0.09610685779442905,0.05684964978009448,0.11255904870500082,0.23912689363088452,0.49503176413096595
88,0.09545528587717869,0.05603518488353152,0.11027854699462453,0.237335070858446,0.500570125427594
89,0.09447792800130314,0.05505782700765597,0.10734647336699789,0.23619482000325787,0.50659716566216
90,0.09301189118748981,0.0544062550904056,0.1070206874083727,0.2319596025411305,0.5132757778139763
91,0.09040560351848835,0.05408046913178042,0.10734647336699789,0.2273985991203779,0.5204430689037303
92,0.08926535266330021,0.05375468317315524,0.1050659716566216,0.22642124124450236,0.5251669653037954
93,0.08812510180811207,0.053428897214530056,0.10474018569799641,0.2218602378237498,0.5315197914969865
94,0.0874735298908617,0.05294021827659228,0.10262257696693272,0.2199055220719987,0.5367323668349894
95,0.08584460009773578,0.05261443231796709,0.10180811207036977,0.21697344844437205,0.5424336211109301
96,0.08503013520117284,0.05196286040071673,0.10050496823586903,0.2122495520443069,0.5499266981593093
97,0.08405277732529728,0.051148395504153774,0.09675842971167943,0.21176087310636912,0.5559537383938752
98,0.08340120540804691,0.049845251669653035,0.09447792800130314,0.21110930118911875,0.560840527773253
99,0.08258674051148396,0.049356572731715266,0.09154585437367649,0.20899169245805505,0.567193353966444
100,0.081772275614921,0.04886789379377749,0.08877667372536244,0.20557093989249065,0.5746864310148233
101,0.08112070369767063,0.048379214855839715,0.08617038605636097,0.202638866264864,0.5813650431666395
102,0.08046913178042027,0.04821632187652712,0.08470434924254765,0.1988923277406744,0.5873920834012054
103,0.08014334582179508,0.04821632187652712,0.08323831242873432,0.19465711027854699,0.5934191236357713
104,0.07981755986316989,0.04789053591790194,0.08030623880110767,0.19367975240267143,0.5979801270565238
105,0.07916598794591953,0.04723896400065157,0.07916598794591953,0.19172503665092033,0.6023782374979638
106,0.07884020198729434,0.04691317804202639,0.07688548623554325,0.18928164196123148,0.6077537058152793
107,0.07835152304935657,0.046424499104088614,0.07476787750447955,0.18700114025085518,0.6131291741325949
108,0.0776999511321062,0.046424499104088614,0.07265026877341586,0.18406906662322853,0.6188304284085356
109,0.07753705815279362,0.046424499104088614,0.07020687408372699,0.18341749470597818,0.6220882879947874
110,0.07639680729760548,0.04609871314546343,0.06874083726991366,0.17934517022316337,0.6290926861052288
111,0.07623391431829288,0.045772927186838244,0.06662322853884997,0.17657598957484932,0.6344681544225443
112,0.0757452353803551,0.04544714122821306,0.06548297768366183,0.17462127382309822,0.6383775859260465
113,0.07525655644241733,0.04446978335233751,0.06369115491122333,0.17217787913340935,0.6440788402019872
114,0.07427919856654178,0.04381821143508715,0.06271379703534778,0.16973448444372047,0.6491285225606777
115,0.07362762664929141,0.04349242547646196,0.06206222511809741,0.16501058804365532,0.6554813487538687
116,0.07313894771135364,0.04349242547646196,0.060596188304284086,0.1611011565401531,0.661345496009122
117,0.07216158983547809,0.04316663951783678,0.05945593744909594,0.159146440788402,0.665743606450562
118,0.07069555302166476,0.04316663951783678,0.05994461638703372,0.15588858120215018,0.6699788239126894
119,0.07036976706303959,0.04300374653852419,0.05815279361459521,0.15458543736764946,0.6735624694575664
120,0.06955530216647662,0.04300374653852419,0.05733832871803225,0.1514904707607102,0.6782863658576316
121,0.06922951620785144,0.04300374653852419,0.05603518488353152,0.14888418309170875,0.6825215833197589
122,0.06906662322853885,0.04251506760058642,0.05391757615246783,0.14692946733995765,0.6872454797198241
123,0.06874083726991366,0.04235217462127382,0.05212575338002932,0.14497475158820655,0.6914806971819515
124,0.0682521583319759,0.04235217462127382,0.050659716566216,0.14334582179508062,0.6950643427268285
125,0.0680892653526633,0.04218928164196123,0.04968235869034045,0.13927349731226585,0.700439811044144
126,0.06727480045610035,0.04153770972471087,0.0485421078351523,0.1379703534777651,0.7043492425476462
127,0.06678612151816257,0.04121192376608568,0.046424499104088614,0.13666720964326437,0.7085844600097736
128,0.0661345496009122,0.04072324482814791,0.04544714122821306,0.13568985176738882,0.7116794266167128
129,0.06580876364228702,0.04072324482814791,0.04398110441439974,0.13389802899495032,0.7152630721615898
130,0.06499429874572406,0.04072324482814791,0.04398110441439974,0.12998859749144812,0.719986968561655
131,0.06466851278709887,0.04072324482814791,0.0428408535592116,0.1283596676983222,0.7230819351685942
132,0.06450561980778628,0.040560351848835316,0.04218928164196123,0.12510180811207036,0.7273171526307216
133,0.0643427268284737,0.04039745886952272,0.04137481674539827,0.12379866427756964,0.7297605473204105
134,0.06369115491122333,0.04007167291089754,0.0408861378074605,0.12200684150513112,0.7330184069066623
135,0.06303958299397296,0.03974588695227236,0.039908779931584946,0.11972633979475485,0.7372536243687897
136,0.06287669001466037,0.03942010099364717,0.03909431503502199,0.11728294510506597,0.7410001628929793
137,0.06287669001466037,0.03942010099364717,0.037628278221208664,0.11549112233262747,0.7442580224792311
138,0.06271379703534778,0.03909431503502199,0.03665092034533311,0.11435087147743932,0.7468643101482326
139,0.06271379703534778,0.038931422055709396,0.035836455448770156,0.11321062062225118,0.7489819188792963
140,0.06255090405603518,0.038931422055709396,0.03534777651083238,0.10995276103599935,0.7528913503827985
141,0.062388011076722594,0.038931422055709396,0.03404463267633165,0.1089754031601238,0.7553347450724873
142,0.062388011076722594,0.03876852907639681,0.03290438182114351,0.10620622251180974,0.7594070695553021
143,0.06189933213878482,0.038605636097084214,0.03257859586251832,0.10408861378074605,0.7625020361622414
144,0.061736439159472224,0.038605636097084214,0.03160123798664278,0.10245968398762013,0.7652712168105554
145,0.06141065320084704,0.03844274311777163,0.03127545202801759,0.10066786121518162,0.7678775044795569
146,0.06124776022153445,0.03844274311777163,0.030135201172829452,0.0993647173806809,0.7704837921485584
147,0.06108486724222186,0.03827985013845903,0.028506271379703536,0.09789868056686757,0.7739045447141228
148,0.06092197426290927,0.03827985013845903,0.02801759244176576,0.09610685779442905,0.7763479394038117
149,0.06075908128359668,0.03827985013845903,0.027366020524515394,0.09317478416680242,0.7800944779280014
150,0.06043329532497149,0.03827985013845903,0.026714448607265028,0.09187164033230168,0.7823749796383775
151,0.06043329532497149,0.03827985013845903,0.026388662648639843,0.09089428245642613,0.7836781234728784
152,0.060270402345658905,0.03811695715914644,0.024922625834826517,0.0913829613943639,0.784981267307379
153,0.060270402345658905,0.03779117120052126,0.02427105391757615,0.09040560351848835,0.7869359830591302
154,0.06010750936634631,0.03779117120052126,0.02378237497963838,0.08926535266330021,0.7887278058315687
155,0.05994461638703372,0.03779117120052126,0.02313080306238801,0.08714774393223652,0.7916598794591954
156,0.05994461638703372,0.03779117120052126,0.022316338165825053,0.08600749307704839,0.7936145952109465
157,0.059618830428408535,0.03779117120052126,0.022479231145137644,0.08421567030460987,0.7955693109626976
158,0.059618830428408535,0.03779117120052126,0.022153445186512463,0.08274963349079655,0.7973611337351361
159,0.05945593744909594,0.03779117120052126,0.021664766248574687,0.08095781071835804,0.7998045284248249
160,0.05945593744909594,0.037628278221208664,0.020850301352011727,0.07981755986316989,0.8019221371558886
161,0.05945593744909594,0.037628278221208664,0.02019872943476136,0.07900309496660694,0.8033881739697019
162,0.059293044469783354,0.037628278221208664,0.019384264538198404,0.07721127219416843,0.806157354618016
163,0.059293044469783354,0.037628278221208664,0.019221371558885814,0.07558234240104252,0.8079491773904545
164,0.05913015149047076,0.037628278221208664,0.01889558560026063,0.073790519628604,0.8102296791008308
165,0.05913015149047076,0.037628278221208664,0.018406906662322853,0.07281316175272846,0.8116957159146441
166,0.058967258511158166,0.03730249226258348,0.018081120703697672,0.07134712493891514,0.8139762176250204
167,0.05880436553184558,0.0369767063039583,0.017755334745072487,0.06939240918716404,0.8167453982733344
168,0.0584785795732204,0.03681381332464571,0.017429548786447303,0.0682521583319759,0.8187001140250855
169,0.0584785795732204,0.03681381332464571,0.016615083889884346,0.06662322853884997,0.8211435087147744
170,0.0583156865939078,0.03665092034533311,0.016452190910571755,0.06548297768366183,0.8227724385079003
171,0.05815279361459521,0.03665092034533311,0.016452190910571755,0.06320247597328556,0.8252158331975892
172,0.05815279361459521,0.036488027366020526,0.015474833034696205,0.06255090405603518,0.8270076559700277
173,0.05815279361459521,0.03632513438670793,0.01498615409675843,0.06222511809741,0.8279850138459033
174,0.05815279361459521,0.03632513438670793,0.014660368138133246,0.06075908128359668,0.8297768366183418
175,0.05815279361459521,0.03632513438670793,0.01417168920019547,0.059293044469783354,0.8317315523700929
176,0.05798990063528262,0.03632513438670793,0.013845903241570288,0.058967258511158166,0.8325460172666558
177,0.05782700765597003,0.03632513438670793,0.013520117282945105,0.0584785795732204,0.8335233751425314
178,0.05782700765597003,0.03632513438670793,0.012868545365694739,0.05798990063528262,0.8346636259977195
179,0.05782700765597003,0.03632513438670793,0.012216973448444373,0.056523863821469296,0.8367812347287832
180,0.057664114676657434,0.03632513438670793,0.012216973448444373,0.05473204104903079,0.8387359504805343
181,0.057664114676657434,0.03632513438670793,0.01205408046913178,0.053591790193842644,0.840039094315035
182,0.057664114676657434,0.03632513438670793,0.011402508551881414,0.052451539338654506,0.8418309170874735
183,0.057664114676657434,0.03599934842808275,0.010750936634631048,0.05228864635934191,0.8429711679426617
184,0.05750122169734485,0.03599934842808275,0.010588043655318456,0.05131128848346636,0.8442743117771624
185,0.05701254275940707,0.03599934842808275,0.010750936634631048,0.05033393060759081,0.8455774556116631
186,0.05701254275940707,0.03599934842808275,0.010750936634631048,0.04903078677309008,0.8468805994461639
187,0.05701254275940707,0.035836455448770156,0.010425150676005863,0.048379214855839715,0.848020850301352
188,0.05701254275940707,0.035510669490144975,0.010262257696693273,0.04756474995927676,0.8493239941358528
189,0.05668675680078188,0.03534777651083238,0.01009936471738068,0.04707607102133898,0.8504642449910409
190,0.056523863821469296,0.03534777651083238,0.01009936471738068,0.04609871314546343,0.851604495846229
191,0.056523863821469296,0.03534777651083238,0.009610685779442907,0.04609871314546343,0.8520931747841668
192,0.0563609708421567,0.03534777651083238,0.009447792800130314,0.04446978335233751,0.8540478905359179
193,0.055872291904218926,0.03534777651083238,0.009284899820817722,0.04414399739371233,0.8550252484117935
194,0.055872291904218926,0.03534777651083238,0.009122006841505131,0.04316663951783678,0.8561654992669816
195,0.055872291904218926,0.03534777651083238,0.008633327903567356,0.04202638866264864,0.8577944290601075
196,0.055872291904218926,0.03534777651083238,0.00814464896562958,0.04121192376608568,0.8590975728946082
197,0.055872291904218926,0.03534777651083238,0.007818863007004398,0.0408861378074605,0.8597491448118586
198,0.055872291904218926,0.03534777651083238,0.00700439811044144,0.04007167291089754,0.8613780746049845
199,0.055872291904218926,0.03534777651083238,0.006678612151816257,0.03942010099364717,0.8623554324808601
200,0.05570939892490634,0.03534777651083238,0.006352826193191073,0.03876852907639681,0.8634956833360482
201,0.055546505945593745,0.03534777651083238,0.006515719172503665,0.03827985013845903,0.863984362273986
202,0.055220719986968564,0.03534777651083238,0.006678612151816257,0.037628278221208664,0.8647988271705489
203,0.055220719986968564,0.03534777651083238,0.006189933213878482,0.037465385241896076,0.8654503990877993
204,0.05505782700765597,0.03534777651083238,0.00602704023456589,0.037465385241896076,0.8657761850464245
205,0.054894934028343376,0.03534777651083238,0.006189933213878482,0.036162241407395344,0.8670793288809252
206,0.054894934028343376,0.03534777651083238,0.006189933213878482,0.035184883531519794,0.8680566867568008
207,0.054894934028343376,0.03534777651083238,0.006189933213878482,0.03437041863495683,0.8688711516533637
208,0.05473204104903079,0.03534777651083238,0.00602704023456589,0.03371884671770647,0.8698485095292393
209,0.05473204104903079,0.03534777651083238,0.00602704023456589,0.03290438182114351,0.8706629744258022
210,0.05473204104903079,0.03534777651083238,0.005701254275940707,0.03225280990389314,0.8716403323016778
211,0.05473204104903079,0.03534777651083238,0.005538361296628116,0.031764130965955366,0.8722919042189282
212,0.05473204104903079,0.03534777651083238,0.004886789379377749,0.03192702394526796,0.8727805831568659
213,0.05473204104903079,0.03534777651083238,0.004723896400065157,0.03078677309007982,0.8740837269913667
214,0.05473204104903079,0.03534777651083238,0.004561003420752566,0.02997230819351686,0.8750610848672422
215,0.05473204104903079,0.03534777651083238,0.004398110441439974,0.0291578432969539,0.8760384427431178
216,0.05473204104903079,0.03534777651083238,0.00407232448281479,0.028832057338328717,0.8766900146603681
217,0.05473204104903079,0.03534777651083238,0.0037465385241896073,0.027691806483140576,0.8781560514741814
218,0.05473204104903079,0.03534777651083238,0.0037465385241896073,0.0272031275452028,0.8786447304121192
219,0.05473204104903079,0.035184883531519794,0.0034207525655644243,0.02704023456589021,0.8792963023293696
220,0.05473204104903079,0.035184883531519794,0.0034207525655644243,0.02606287669001466,0.8802736602052451
221,0.05473204104903079,0.035184883531519794,0.0032578595862518323,0.025574197752076887,0.8809252321224955
222,0.054569148069718194,0.035184883531519794,0.003094966606939241,0.025737090731389477,0.8810881251018081
223,0.054569148069718194,0.035184883531519794,0.003094966606939241,0.02508551881413911,0.8817396970190585
224,0.054569148069718194,0.0350219905522072,0.003094966606939241,0.02427105391757615,0.882717054894934
225,0.054569148069718194,0.0350219905522072,0.003094966606939241,0.02427105391757615,0.882717054894934
226,0.054569148069718194,0.0350219905522072,0.0029320736276266493,0.02394526795895097,0.8832057338328718
227,0.054569148069718194,0.0350219905522072,0.0029320736276266493,0.023293696041700604,0.8838573057501222
228,0.054569148069718194,0.034859097572894605,0.0029320736276266493,0.022479231145137644,0.8848346636259977
229,0.054569148069718194,0.034859097572894605,0.0029320736276266493,0.021338980289949502,0.8859749144811858
230,0.054569148069718194,0.034859097572894605,0.0029320736276266493,0.020687408372699136,0.8866264863984362
231,0.054569148069718194,0.034859097572894605,0.0029320736276266493,0.020361622414073955,0.8869522723570614
232,0.054569148069718194,0.034859097572894605,0.0029320736276266493,0.019547157517510995,0.8877667372536243
233,0.054569148069718194,0.034859097572894605,0.0029320736276266493,0.01889558560026063,0.8884183091708747
234,0.054569148069718194,0.034859097572894605,0.002769180648314058,0.018569799641635444,0.8889069881088125
235,0.054569148069718194,0.034859097572894605,0.002769180648314058,0.018406906662322853,0.8890698810881251
236,0.054569148069718194,0.034859097572894605,0.002769180648314058,0.017918227724385078,0.8895585600260629
237,0.054569148069718194,0.034859097572894605,0.002769180648314058,0.01710376282782212,0.8903730249226258
238,0.054569148069718194,0.034859097572894605,0.002769180648314058,0.016615083889884346,0.8908617038605636
239,0.054569148069718194,0.034859097572894605,0.002769180648314058,0.01596351197263398,0.891513275777814
240,0.054569148069718194,0.034859097572894605,0.0024433946896888744,0.01628929793125916,0.891513275777814
241,0.054569148069718194,0.034859097572894605,0.002280501710376283,0.01580061899332139,0.8921648476950643
242,0.054569148069718194,0.034859097572894605,0.002280501710376283,0.015474833034696205,0.8924906336536895
243,0.054569148069718194,0.034859097572894605,0.002280501710376283,0.01417168920019547,0.8937937774881902
244,0.054569148069718194,0.034859097572894605,0.0021176087310636913,0.013845903241570288,0.894282456426128
245,0.054569148069718194,0.034859097572894605,0.0019547157517510994,0.013845903241570288,0.8944453494054406
246,0.054569148069718194,0.034859097572894605,0.0019547157517510994,0.013683010262257697,0.8946082423847532
247,0.054569148069718194,0.034859097572894605,0.0019547157517510994,0.013357224303632514,0.8949340283433784
248,0.054569148069718194,0.034859097572894605,0.0019547157517510994,0.01303143834500733,0.8952598143020036
249,0.054569148069718194,0.034859097572894605,0.0019547157517510994,0.012705652386382146,0.8955856002606287
250,0.054569148069718194,0.034859097572894605,0.0019547157517510994,0.01205408046913178,0.8962371721778791
251,0.054569148069718194,0.034859097572894605,0.0019547157517510994,0.01189118748981919,0.8964000651571917
252,0.054569148069718194,0.034859097572894605,0.0019547157517510994,0.011728294510506597,0.8965629581365043
253,0.054569148069718194,0.034859097572894605,0.0019547157517510994,0.011239615572568822,0.8970516370744421
254,0.054569148069718194,0.034859097572894605,0.0019547157517510994,0.010913829613943639,0.8973774230330672
255,0.054569148069718194,0.034859097572894605,0.0016289297931259162,0.010913829613943639,0.8977032089916924
256,0.054569148069718194,0.034859097572894605,0.0016289297931259162,0.010913829613943639,0.8977032089916924
257,0.054569148069718194,0.034859097572894605,0.0016289297931259162,0.010588043655318456,0.8980289949503176
258,0.054569148069718194,0.034859097572894605,0.0016289297931259162,0.010588043655318456,0.8980289949503176
259,0.054569148069718194,0.034859097572894605,0.0016289297931259162,0.010588043655318456,0.8980289949503176
260,0.054569148069718194,0.034859097572894605,0.0016289297931259162,0.01009936471738068,0.8985176738882554
261,0.0544062550904056,0.034859097572894605,0.0016289297931259162,0.009773578758755497,0.8990063528261932
262,0.0544062550904056,0.034859097572894605,0.0014660368138133247,0.009610685779442907,0.8993321387848183
263,0.0544062550904056,0.03469620459358202,0.0014660368138133247,0.009447792800130314,0.8996579247434435
264,0.05424336211109301,0.03469620459358202,0.0014660368138133247,0.008796220882879948,0.9004723896400065
265,0.05408046913178042,0.03469620459358202,0.0014660368138133247,0.008307541944942173,0.9011239615572569
266,0.05408046913178042,0.03469620459358202,0.0014660368138133247,0.008307541944942173,0.9011239615572569
267,0.05391757615246783,0.03469620459358202,0.0016289297931259162,0.00814464896562958,0.9012868545365694
268,0.05391757615246783,0.03469620459358202,0.0016289297931259162,0.007818863007004398,0.9016126404951946
269,0.05391757615246783,0.03469620459358202,0.0016289297931259162,0.007818863007004398,0.9016126404951946
270,0.05391757615246783,0.03469620459358202,0.0014660368138133247,0.00798175598631699,0.9016126404951946
271,0.05391757615246783,0.03469620459358202,0.001303143834500733,0.00814464896562958,0.9016126404951946
272,0.05391757615246783,0.03469620459358202,0.001303143834500733,0.00798175598631699,0.9017755334745072
273,0.05391757615246783,0.03469620459358202,0.001303143834500733,0.00798175598631699,0.9017755334745072
274,0.05391757615246783,0.03469620459358202,0.0011402508551881414,0.00798175598631699,0.9019384264538198
275,0.05391757615246783,0.03469620459358202,9.773578758755497E-4,0.007818863007004398,0.902264212412445
276,0.05391757615246783,0.03469620459358202,9.773578758755497E-4,0.007818863007004398,0.902264212412445
277,0.05375468317315524,0.03469620459358202,9.773578758755497E-4,0.007493077048379215,0.9027528913503828
278,0.05375468317315524,0.03469620459358202,9.773578758755497E-4,0.007330184069066623,0.9029157843296954
279,0.05375468317315524,0.03469620459358202,9.773578758755497E-4,0.007330184069066623,0.9029157843296954
280,0.05375468317315524,0.034533311614269424,9.773578758755497E-4,0.007167291089754032,0.9032415702883205
281,0.05375468317315524,0.03437041863495683,9.773578758755497E-4,0.007330184069066623,0.9032415702883205
282,0.05375468317315524,0.03437041863495683,9.773578758755497E-4,0.007167291089754032,0.9034044632676331
283,0.05375468317315524,0.03437041863495683,9.773578758755497E-4,0.00700439811044144,0.9035673562469457
284,0.05375468317315524,0.03437041863495683,9.773578758755497E-4,0.0068415051311288486,0.9037302492262583
285,0.05375468317315524,0.03437041863495683,9.773578758755497E-4,0.006515719172503665,0.9040560351848835
286,0.05375468317315524,0.03420752565564424,8.144648965629581E-4,0.006515719172503665,0.9043818211435087
287,0.053591790193842644,0.03420752565564424,8.144648965629581E-4,0.006189933213878482,0.9048705000814465
288,0.053591790193842644,0.03420752565564424,8.144648965629581E-4,0.006189933213878482,0.9048705000814465
289,0.053591790193842644,0.03420752565564424,8.144648965629581E-4,0.005864147255253299,0.9051962860400716
290,0.053591790193842644,0.03420752565564424,8.144648965629581E-4,0.005864147255253299,0.9051962860400716
291,0.05326600423521746,0.03420752565564424,9.773578758755497E-4,0.005864147255253299,0.9053591790193842
292,0.05326600423521746,0.03420752565564424,9.773578758755497E-4,0.005701254275940707,0.9055220719986968
293,0.05326600423521746,0.03420752565564424,9.773578758755497E-4,0.005375468317315524,0.905847857957322
294,0.05310311125590487,0.03420752565564424,0.0011402508551881414,0.005375468317315524,0.905847857957322
295,0.05310311125590487,0.03420752565564424,0.0011402508551881414,0.005375468317315524,0.905847857957322
296,0.05310311125590487,0.03420752565564424,8.144648965629581E-4,0.005701254275940707,0.905847857957322
297,0.05294021827659228,0.03420752565564424,8.144648965629581E-4,0.005701254275940707,0.9060107509366346
298,0.05294021827659228,0.03404463267633165,8.144648965629581E-4,0.005864147255253299,0.9060107509366346
299,0.05277732529727969,0.03404463267633165,9.773578758755497E-4,0.005701254275940707,0.9061736439159472
300,0.05277732529727969,0.03404463267633165,9.773578758755497E-4,0.005701254275940707,0.9061736439159472
301,0.05277732529727969,0.03404463267633165,9.773578758755497E-4,0.005212575338002932,0.906662322853885
302,0.05277732529727969,0.03404463267633165,9.773578758755497E-4,0.00504968235869034,0.9068252158331976
303,0.05261443231796709,0.03404463267633165,0.0011402508551881414,0.00504968235869034,0.9068252158331976
304,0.05261443231796709,0.03404463267633165,9.773578758755497E-4,0.004886789379377749,0.9071510017918227
305,0.05261443231796709,0.03404463267633165,9.773578758755497E-4,0.004886789379377749,0.9071510017918227
306,0.05261443231796709,0.03404463267633165,9.773578758755497E-4,0.004886789379377749,0.9071510017918227
307,0.05261443231796709,0.03404463267633165,8.144648965629581E-4,0.004723896400065157,0.9074767877504479
308,0.05261443231796709,0.03404463267633165,8.144648965629581E-4,0.004723896400065157,0.9074767877504479
309,0.05261443231796709,0.03404463267633165,6.515719172503665E-4,0.004886789379377749,0.9074767877504479
310,0.05261443231796709,0.03404463267633165,6.515719172503665E-4,0.004886789379377749,0.9074767877504479
311,0.05261443231796709,0.03404463267633165,6.515719172503665E-4,0.004723896400065157,0.9076396807297605
312,0.05261443231796709,0.03404463267633165,6.515719172503665E-4,0.004723896400065157,0.9076396807297605
313,0.05261443231796709,0.03404463267633165,6.515719172503665E-4,0.004561003420752566,0.9078025737090731
314,0.05261443231796709,0.03404463267633165,6.515719172503665E-4,0.004561003420752566,0.9078025737090731
315,0.05261443231796709,0.03404463267633165,6.515719172503665E-4,0.004235217462127383,0.9081283596676983
316,0.05261443231796709,0.03404463267633165,6.515719172503665E-4,0.004235217462127383,0.9081283596676983
317,0.052451539338654506,0.03404463267633165,6.515719172503665E-4,0.004235217462127383,0.9082912526470109
318,0.05228864635934191,0.03404463267633165,8.144648965629581E-4,0.004235217462127383,0.9082912526470109
319,0.05228864635934191,0.03404463267633165,8.144648965629581E-4,0.004235217462127383,0.9082912526470109
320,0.05228864635934191,0.03404463267633165,8.144648965629581E-4,0.004235217462127383,0.9082912526470109
321,0.05228864635934191,0.03404463267633165,8.144648965629581E-4,0.004235217462127383,0.9082912526470109
322,0.05228864635934191,0.03404463267633165,8.144648965629581E-4,0.00407232448281479,0.9084541456263235
323,0.05228864635934191,0.03404463267633165,8.144648965629581E-4,0.003909431503502199,0.9086170386056361
324,0.05228864635934191,0.03404463267633165,8.144648965629581E-4,0.0037465385241896073,0.9087799315849487
325,0.05228864635934191,0.03404463267633165,8.144648965629581E-4,0.0037465385241896073,0.9087799315849487
326,0.05228864635934191,0.03404463267633165,8.144648965629581E-4,0.0037465385241896073,0.9087799315849487
327,0.05228864635934191,0.03404463267633165,8.144648965629581E-4,0.0037465385241896073,0.9087799315849487
328,0.05228864635934191,0.03404463267633165,8.144648965629581E-4,0.003583645544877016,0.9089428245642612
329,0.05228864635934191,0.03404463267633165,8.144648965629581E-4,0.003583645544877016,0.9089428245642612
330,0.05228864635934191,0.03404463267633165,8.144648965629581E-4,0.003583645544877016,0.9089428245642612
331,0.05228864635934191,0.03404463267633165,8.144648965629581E-4,0.003583645544877016,0.9089428245642612
332,0.05228864635934191,0.03404463267633165,8.144648965629581E-4,0.0034207525655644243,0.9091057175435738
333,0.05228864635934191,0.03404463267633165,8.144648965629581E-4,0.0034207525655644243,0.9091057175435738
334,0.05228864635934191,0.03404463267633165,6.515719172503665E-4,0.003583645544877016,0.9091057175435738
335,0.05228864635934191,0.03404463267633165,4.886789379377749E-4,0.0034207525655644243,0.909431503502199
336,0.05228864635934191,0.03388173969701906,4.886789379377749E-4,0.003583645544877016,0.909431503502199
337,0.05228864635934191,0.03388173969701906,4.886789379377749E-4,0.0034207525655644243,0.9095943964815116
338,0.05228864635934191,0.03388173969701906,4.886789379377749E-4,0.0034207525655644243,0.9095943964815116
339,0.05228864635934191,0.03388173969701906,4.886789379377749E-4,0.0032578595862518323,0.9097572894608242
340,0.05228864635934191,0.03388173969701906,4.886789379377749E-4,0.0029320736276266493,0.9100830754194494
341,0.05228864635934191,0.03388173969701906,4.886789379377749E-4,0.0029320736276266493,0.9100830754194494
342,0.05228864635934191,0.03388173969701906,4.886789379377749E-4,0.0029320736276266493,0.9100830754194494
343,0.05228864635934191,0.03388173969701906,4.886789379377749E-4,0.0029320736276266493,0.9100830754194494
344,0.05228864635934191,0.03388173969701906,4.886789379377749E-4,0.0029320736276266493,0.9100830754194494
345,0.05228864635934191,0.03388173969701906,4.886789379377749E-4,0.002769180648314058,0.910245968398762
346,0.05228864635934191,0.03388173969701906,4.886789379377749E-4,0.002769180648314058,0.910245968398762
347,0.05228864635934191,0.03388173969701906,4.886789379377749E-4,0.002769180648314058,0.910245968398762
348,0.05228864635934191,0.03388173969701906,4.886789379377749E-4,0.002606287669001466,0.9104088613780746
349,0.05228864635934191,0.03388173969701906,4.886789379377749E-4,0.002606287669001466,0.9104088613780746
350,0.05228864635934191,0.03388173969701906,4.886789379377749E-4,0.0024433946896888744,0.9105717543573872
351,0.05228864635934191,0.03388173969701906,4.886789379377749E-4,0.002280501710376283,0.9107346473366998
352,0.05228864635934191,0.03388173969701906,4.886789379377749E-4,0.002280501710376283,0.9107346473366998
353,0.05228864635934191,0.03388173969701906,4.886789379377749E-4,0.002280501710376283,0.9107346473366998
354,0.05228864635934191,0.03388173969701906,4.886789379377749E-4,0.002280501710376283,0.9107346473366998
355,0.05228864635934191,0.03388173969701906,4.886789379377749E-4,0.002280501710376283,0.9107346473366998
356,0.05228864635934191,0.03388173969701906,4.886789379377749E-4,0.002280501710376283,0.9107346473366998
357,0.05228864635934191,0.03388173969701906,4.886789379377749E-4,0.002280501710376283,0.9107346473366998
358,0.05228864635934191,0.03388173969701906,4.886789379377749E-4,0.002280501710376283,0.9107346473366998
359,0.05228864635934191,0.03388173969701906,4.886789379377749E-4,0.002280501710376283,0.9107346473366998
360,0.05228864635934191,0.03388173969701906,4.886789379377749E-4,0.002280501710376283,0.9107346473366998
361,0.05228864635934191,0.03388173969701906,4.886789379377749E-4,0.002280501710376283,0.9107346473366998
362,0.05228864635934191,0.03388173969701906,4.886789379377749E-4,0.002280501710376283,0.9107346473366998
363,0.05228864635934191,0.03388173969701906,4.886789379377749E-4,0.002280501710376283,0.9107346473366998
364,0.05228864635934191,0.03388173969701906,4.886789379377749E-4,0.0021176087310636913,0.9108975403160123
365,0.05228864635934191,0.03388173969701906,4.886789379377749E-4,0.0021176087310636913,0.9108975403160123
366,0.05228864635934191,0.03388173969701906,4.886789379377749E-4,0.0021176087310636913,0.9108975403160123
367,0.05228864635934191,0.03388173969701906,4.886789379377749E-4,0.0021176087310636913,0.9108975403160123
368,0.05228864635934191,0.03388173969701906,4.886789379377749E-4,0.0021176087310636913,0.9108975403160123
369,0.05228864635934191,0.03388173969701906,4.886789379377749E-4,0.0021176087310636913,0.9108975403160123
370,0.05228864635934191,0.03388173969701906,4.886789379377749E-4,0.001791822772438508,0.9112233262746375
371,0.05228864635934191,0.03388173969701906,4.886789379377749E-4,0.001791822772438508,0.9112233262746375
372,0.05228864635934191,0.03388173969701906,4.886789379377749E-4,0.001791822772438508,0.9112233262746375
373,0.05228864635934191,0.03388173969701906,4.886789379377749E-4,0.0016289297931259162,0.9113862192539501
374,0.05228864635934191,0.03388173969701906,4.886789379377749E-4,0.0016289297931259162,0.9113862192539501
375,0.05228864635934191,0.03388173969701906,4.886789379377749E-4,0.0016289297931259162,0.9113862192539501
376,0.05228864635934191,0.03388173969701906,4.886789379377749E-4,0.0016289297931259162,0.9113862192539501
377,0.05228864635934191,0.03388173969701906,4.886789379377749E-4,0.0014660368138133247,0.9115491122332627
378,0.05228864635934191,0.03388173969701906,4.886789379377749E-4,0.0014660368138133247,0.9115491122332627
379,0.05228864635934191,0.03388173969701906,4.886789379377749E-4,0.0014660368138133247,0.9115491122332627
380,0.05228864635934191,0.03388173969701906,3.2578595862518323E-4,0.0016289297931259162,0.9115491122332627
381,0.05228864635934191,0.03388173969701906,3.2578595862518323E-4,0.0016289297931259162,0.9115491122332627
382,0.05228864635934191,0.03388173969701906,3.2578595862518323E-4,0.0016289297931259162,0.9115491122332627
383,0.05228864635934191,0.03388173969701906,3.2578595862518323E-4,0.0014660368138133247,0.9117120052125753
384,0.05228864635934191,0.03388173969701906,3.2578595862518323E-4,0.0014660368138133247,0.9117120052125753
385,0.05228864635934191,0.03388173969701906,3.2578595862518323E-4,0.0014660368138133247,0.9117120052125753
386,0.05228864635934191,0.03388173969701906,3.2578595862518323E-4,0.0014660368138133247,0.9117120052125753
387,0.05228864635934191,0.03388173969701906,3.2578595862518323E-4,0.0014660368138133247,0.9117120052125753
388,0.05228864635934191,0.03388173969701906,3.2578595862518323E-4,0.0014660368138133247,0.9117120052125753
389,0.05228864635934191,0.03388173969701906,3.2578595862518323E-4,0.0014660368138133247,0.9117120052125753
390,0.05228864635934191,0.03388173969701906,3.2578595862518323E-4,0.0014660368138133247,0.9117120052125753
391,0.05228864635934191,0.03388173969701906,3.2578595862518323E-4,0.0014660368138133247,0.9117120052125753
392,0.05228864635934191,0.03388173969701906,3.2578595862518323E-4,0.0014660368138133247,0.9117120052125753
393,0.05228864635934191,0.03388173969701906,3.2578595862518323E-4,0.0014660368138133247,0.9117120052125753
394,0.05228864635934191,0.03388173969701906,1.6289297931259162E-4,0.0016289297931259162,0.9117120052125753
395,0.05228864635934191,0.03388173969701906,1.6289297931259162E-4,0.0016289297931259162,0.9117120052125753
396,0.05228864635934191,0.03388173969701906,1.6289297931259162E-4,0.0016289297931259162,0.9117120052125753
397,0.05228864635934191,0.03388173969701906,1.6289297931259162E-4,0.0014660368138133247,0.9118748981918879
398,0.05228864635934191,0.03388173969701906,1.6289297931259162E-4,0.001303143834500733,0.9120377911712005
399,0.05228864635934191,0.03388173969701906,1.6289297931259162E-4,0.001303143834500733,0.9120377911712005
400,0.05228864635934191,0.03388173969701906,1.6289297931259162E-4,0.001303143834500733,0.9120377911712005
401,0.05228864635934191,0.03388173969701906,1.6289297931259162E-4,0.001303143834500733,0.9120377911712005
402,0.05228864635934191,0.03388173969701906,1.6289297931259162E-4,0.0011402508551881414,0.9122006841505131
403,0.05228864635934191,0.03388173969701906,1.6289297931259162E-4,0.0011402508551881414,0.9122006841505131
404,0.05228864635934191,0.03388173969701906,1.6289297931259162E-4,0.0011402508551881414,0.9122006841505131
405,0.05228864635934191,0.03388173969701906,1.6289297931259162E-4,0.0011402508551881414,0.9122006841505131
406,0.05228864635934191,0.03388173969701906,1.6289297931259162E-4,9.773578758755497E-4,0.9123635771298257
407,0.05228864635934191,0.03388173969701906,1.6289297931259162E-4,9.773578758755497E-4,0.9123635771298257
408,0.05228864635934191,0.03388173969701906,1.6289297931259162E-4,8.144648965629581E-4,0.9125264701091383
409,0.05228864635934191,0.03388173969701906,1.6289297931259162E-4,8.144648965629581E-4,0.9125264701091383
410,0.05228864635934191,0.03388173969701906,1.6289297931259162E-4,8.144648965629581E-4,0.9125264701091383
411,0.05228864635934191,0.03388173969701906,1.6289297931259162E-4,8.144648965629581E-4,0.9125264701091383
412,0.05228864635934191,0.03388173969701906,1.6289297931259162E-4,8.144648965629581E-4,0.9125264701091383
413,0.05228864635934191,0.03388173969701906,1.6289297931259162E-4,8.144648965629581E-4,0.9125264701091383
414,0.05228864635934191,0.03388173969701906,1.6289297931259162E-4,8.144648965629581E-4,0.9125264701091383
415,0.05228864635934191,0.03388173969701906,1.6289297931259162E-4,8.144648965629581E-4,0.9125264701091383
416,0.05228864635934191,0.03388173969701906,1.6289297931259162E-4,8.144648965629581E-4,0.9125264701091383
417,0.05228864635934191,0.03388173969701906,1.6289297931259162E-4,8.144648965629581E-4,0.9125264701091383
418,0.05228864635934191,0.03388173969701906,1.6289297931259162E-4,8.144648965629581E-4,0.9125264701091383
419,0.05228864635934191,0.03388173969701906,1.6289297931259162E-4,8.144648965629581E-4,0.9125264701091383
420,0.05228864635934191,0.03388173969701906,1.6289297931259162E-4,8.144648965629581E-4,0.9125264701091383
421,0.05228864635934191,0.03388173969701906,1.6289297931259162E-4,8.144648965629581E-4,0.9125264701091383
422,0.05228864635934191,0.03388173969701906,1.6289297931259162E-4,8.144648965629581E-4,0.9125264701091383
423,0.05228864635934191,0.03388173969701906,1.6289297931259162E-4,8.144648965629581E-4,0.9125264701091383
424,0.05228864635934191,0.03388173969701906,1.6289297931259162E-4,8.144648965629581E-4,0.9125264701091383
425,0.05228864635934191,0.03388173969701906,1.6289297931259162E-4,8.144648965629581E-4,0.9125264701091383
426,0.05228864635934191,0.03388173969701906,1.6289297931259162E-4,8.144648965629581E-4,0.9125264701091383
427,0.05228864635934191,0.03388173969701906,1.6289297931259162E-4,8.144648965629581E-4,0.9125264701091383
428,0.05228864635934191,0.03388173969701906,1.6289297931259162E-4,8.144648965629581E-4,0.9125264701091383
429,0.05228864635934191,0.03388173969701906,1.6289297931259162E-4,6.515719172503665E-4,0.9126893630884508
430,0.05228864635934191,0.03388173969701906,1.6289297931259162E-4,6.515719172503665E-4,0.9126893630884508
431,0.05228864635934191,0.03388173969701906,1.6289297931259162E-4,6.515719172503665E-4,0.9126893630884508
432,0.05228864635934191,0.03388173969701906,0.0,8.144648965629581E-4,0.9126893630884508
433,0.05228864635934191,0.03388173969701906,0.0,8.144648965629581E-4,0.9126893630884508
434,0.05228864635934191,0.03388173969701906,0.0,8.144648965629581E-4,0.9126893630884508
435,0.05228864635934191,0.03388173969701906,0.0,8.144648965629581E-4,0.9126893630884508
436,0.05228864635934191,0.03388173969701906,0.0,6.515719172503665E-4,0.9128522560677634
437,0.05228864635934191,0.03388173969701906,0.0,6.515719172503665E-4,0.9128522560677634
438,0.05228864635934191,0.03388173969701906,0.0,6.515719172503665E-4,0.9128522560677634
439,0.05228864635934191,0.03388173969701906,0.0,6.515719172503665E-4,0.9128522560677634
440,0.05228864635934191,0.03388173969701906,0.0,6.515719172503665E-4,0.9128522560677634
441,0.05228864635934191,0.03388173969701906,0.0,6.515719172503665E-4,0.9128522560677634
442,0.05228864635934191,0.03388173969701906,0.0,6.515719172503665E-4,0.9128522560677634
443,0.05228864635934191,0.03388173969701906,0.0,6.515719172503665E-4,0.9128522560677634
444,0.05228864635934191,0.03388173969701906,0.0,6.515719172503665E-4,0.9128522560677634
445,0.05228864635934191,0.03388173969701906,0.0,6.515719172503665E-4,0.9128522560677634
446,0.05228864635934191,0.03388173969701906,0.0,6.515719172503665E-4,0.9128522560677634
447,0.05228864635934191,0.03388173969701906,0.0,6.515719172503665E-4,0.9128522560677634
448,0.05228864635934191,0.03388173969701906,0.0,6.515719172503665E-4,0.9128522560677634
449,0.05228864635934191,0.03388173969701906,0.0,4.886789379377749E-4,0.913015149047076
450,0.05228864635934191,0.03388173969701906,0.0,4.886789379377749E-4,0.913015149047076
451,0.05228864635934191,0.03388173969701906,0.0,4.886789379377749E-4,0.913015149047076
452,0.05228864635934191,0.03388173969701906,0.0,4.886789379377749E-4,0.913015149047076
453,0.05228864635934191,0.03388173969701906,0.0,4.886789379377749E-4,0.913015149047076
454,0.05228864635934191,0.03388173969701906,0.0,4.886789379377749E-4,0.913015149047076
455,0.05228864635934191,0.03388173969701906,0.0,4.886789379377749E-4,0.913015149047076
456,0.05228864635934191,0.03388173969701906,0.0,4.886789379377749E-4,0.913015149047076
457,0.05228864635934191,0.03388173969701906,0.0,4.886789379377749E-4,0.913015149047076
458,0.05228864635934191,0.03388173969701906,0.0,3.2578595862518323E-4,0.9131780420263886
459,0.05228864635934191,0.03388173969701906,0.0,3.2578595862518323E-4,0.9131780420263886
460,0.05228864635934191,0.03388173969701906,0.0,3.2578595862518323E-4,0.9131780420263886
461,0.05228864635934191,0.03388173969701906,0.0,3.2578595862518323E-4,0.9131780420263886
462,0.05228864635934191,0.03388173969701906,0.0,3.2578595862518323E-4,0.9131780420263886
463,0.05228864635934191,0.03388173969701906,0.0,3.2578595862518323E-4,0.9131780420263886
464,0.05228864635934191,0.03388173969701906,0.0,3.2578595862518323E-4,0.9131780420263886
465,0.05228864635934191,0.03388173969701906,0.0,3.2578595862518323E-4,0.9131780420263886
466,0.05228864635934191,0.03388173969701906,0.0,3.2578595862518323E-4,0.9131780420263886
467,0.05228864635934191,0.03388173969701906,0.0,3.2578595862518323E-4,0.9131780420263886
468,0.05228864635934191,0.03388173969701906,0.0,3.2578595862518323E-4,0.9131780420263886
469,0.05228864635934191,0.03388173969701906,0.0,3.2578595862518323E-4,0.9131780420263886
470,0.05228864635934191,0.03388173969701906,0.0,3.2578595862518323E-4,0.9131780420263886
471,0.05228864635934191,0.03388173969701906,0.0,3.2578595862518323E-4,0.9131780420263886
472,0.05228864635934191,0.03388173969701906,0.0,3.2578595862518323E-4,0.9131780420263886
473,0.05228864635934191,0.03388173969701906,0.0,3.2578595862518323E-4,0.9131780420263886
474,0.05228864635934191,0.03388173969701906,0.0,3.2578595862518323E-4,0.9131780420263886
475,0.05228864635934191,0.03388173969701906,0.0,3.2578595862518323E-4,0.9131780420263886
476,0.05228864635934191,0.03388173969701906,0.0,3.2578595862518323E-4,0.9131780420263886
477,0.05228864635934191,0.03388173969701906,0.0,3.2578595862518323E-4,0.9131780420263886
478,0.05228864635934191,0.03388173969701906,0.0,3.2578595862518323E-4,0.9131780420263886
479,0.05228864635934191,0.03388173969701906,0.0,3.2578595862518323E-4,0.9131780420263886
480,0.05228864635934191,0.03388173969701906,0.0,3.2578595862518323E-4,0.9131780420263886
481,0.05228864635934191,0.03388173969701906,0.0,3.2578595862518323E-4,0.9131780420263886
482,0.05228864635934191,0.03388173969701906,0.0,3.2578595862518323E-4,0.9131780420263886
483,0.05228864635934191,0.03388173969701906,0.0,3.2578595862518323E-4,0.9131780420263886
484,0.05228864635934191,0.03388173969701906,0.0,3.2578595862518323E-4,0.9131780420263886
485,0.05228864635934191,0.03388173969701906,0.0,3.2578595862518323E-4,0.9131780420263886
486,0.05228864635934191,0.03388173969701906,0.0,3.2578595862518323E-4,0.9131780420263886
487,0.05228864635934191,0.03388173969701906,0.0,3.2578595862518323E-4,0.9131780420263886
488,0.05228864635934191,0.03388173969701906,0.0,3.2578595862518323E-4,0.9131780420263886
489,0.05228864635934191,0.03388173969701906,0.0,3.2578595862518323E-4,0.9131780420263886
490,0.05228864635934191,0.03388173969701906,0.0,3.2578595862518323E-4,0.9131780420263886
491,0.05228864635934191,0.03388173969701906,0.0,3.2578595862518323E-4,0.9131780420263886
492,0.05228864635934191,0.03388173969701906,0.0,3.2578595862518323E-4,0.9131780420263886
493,0.05228864635934191,0.03388173969701906,0.0,3.2578595862518323E-4,0.9131780420263886
494,0.05228864635934191,0.03388173969701906,0.0,3.2578595862518323E-4,0.9131780420263886
495,0.05228864635934191,0.03388173969701906,0.0,3.2578595862518323E-4,0.9131780420263886
496,0.05228864635934191,0.03388173969701906,0.0,3.2578595862518323E-4,0.9131780420263886
497,0.05228864635934191,0.03388173969701906,0.0,1.6289297931259162E-4,0.9133409350057012
498,0.05228864635934191,0.03388173969701906,0.0,1.6289297931259162E-4,0.9133409350057012
499,0.05228864635934191,0.03388173969701906,0.0,1.6289297931259162E-4,0.9133409350057012
