0,0.695,0.3,0,0.005,0
1,0.6812184394852582,0.29630232936960416,0.011402508551881414,0.010588043655318456,1.6289297931259162E-4
2,0.674539827333442,0.29451050659716566,0.017592441765759897,0.012705652386382146,3.2578595862518323E-4
3,0.662974425802248,0.291578432969539,0.02801759244176576,0.01596351197263398,0.0011402508551881414
4,0.6546668838573058,0.28864635934191235,0.03567356246945757,0.019221371558885814,0.0014660368138133247
5,0.6421241244502361,0.28538849975566055,0.047727642938589346,0.022479231145137644,0.0019547157517510994
6,0.6276266492914155,0.2824564261280339,0.06108486724222186,0.026225769669327253,0.002280501710376283
7,0.6145952109464082,0.2783841016452191,0.07183580387685291,0.03160123798664278,0.0032578595862518323
8,0.5956996253461476,0.27317152630721614,0.08812510180811207,0.03795406417983385,0.004723896400065157
9,0.5779442906010751,0.26942498778302654,0.10343704186349569,0.041700602704023454,0.007167291089754032
10,0.5593744909594397,0.2650268773415866,0.1187489819188793,0.047727642938589346,0.008796220882879948
11,0.5409675842971168,0.2607916598794592,0.13324645707769994,0.053591790193842644,0.011076722593256231
12,0.5223977846554814,0.2555790845414563,0.14725525329858283,0.061736439159472224,0.012705652386382146
13,0.505782700765597,0.2492262583482652,0.15816908291252646,0.07167291089754031,0.014823261117445839
14,0.4867242221860238,0.24417657598957485,0.17266655807134712,0.07786284411141879,0.018244013683010263
15,0.47059781723407723,0.2376608568170712,0.18537221045772928,0.08454145626323506,0.021501873269262096
16,0.45789216484769507,0.23293696041700604,0.19319107346473366,0.09219742629092686,0.023456589021013195
17,0.44209154585437366,0.2272357061410653,0.20345333116142694,0.09952761035999348,0.027366020524515394
18,0.42694249877830265,0.22104577292718683,0.2122495520443069,0.10864961720149861,0.03078677309007982
19,0.412445023619482,0.21501873269262095,0.22039420100993648,0.11712005212575338,0.03469620459358202
20,0.3963186186675354,0.20980615735461802,0.2311451376445675,0.12445023619482,0.03795406417983385
21,0.38410164521909107,0.20475647499592767,0.23717217787913342,0.13096595536732367,0.042677960579899005
22,0.37253624368789706,0.19791496986479884,0.24108160938263562,0.14041374816745397,0.047727642938589346
23,0.358201661508389,0.1925395015474833,0.2472715425965141,0.14904707607102133,0.05261443231796709
24,0.34745072487375794,0.18797849812673073,0.2515067600586415,0.15572568822283758,0.05701254275940707
25,0.33588532334256394,0.18374328066460335,0.2531356898517674,0.16484769506434271,0.06206222511809741
26,0.3251343867079329,0.1788564912852256,0.256882228375957,0.17266655807134712,0.0661345496009122
27,0.3178042026388663,0.17234077211272195,0.2576966932725199,0.17934517022316337,0.07248737579410328
28,0.30786773090079816,0.16777976869196937,0.26242058967258514,0.18390617364391595,0.0776999511321062
29,0.2976054732041049,0.16435901612640494,0.264863984362274,0.18928164196123148,0.08356409838735951
30,0.28880925232122495,0.1580061899332139,0.2686105228864636,0.1949828962371722,0.08926535266330021
31,0.28164196123147095,0.1553999022642124,0.26942498778302654,0.1966118260302981,0.09659553673236683
32,0.27545202801759244,0.15067600586414726,0.268447629907151,0.2006841505131129,0.10441439973937124
33,0.26763316501058804,0.14676657436064505,0.2690992018244014,0.20557093989249065,0.11060433295324971
34,0.2607916598794592,0.14285714285714285,0.26926209480371394,0.21127219416843135,0.11549112233262747
35,0.2529727968724548,0.13780746049845252,0.26958788076233914,0.2161589835478091,0.12314709236031927
36,0.24613129174132595,0.13373513601563772,0.26730737905196283,0.22202313080306238,0.1304772764293859
37,0.23977846554813487,0.13015149047076072,0.2686105228864636,0.22430363251343868,0.13683010262257697
38,0.2355432480860075,0.1267307379051963,0.26404951946571104,0.2295162078514416,0.1438345007330184
39,0.22984199381006679,0.12412445023619482,0.26356084052777323,0.2313080306238801,0.15083889884345986
40,0.22397784655481348,0.12119237660856817,0.2586740511483955,0.23880110767225932,0.15702883205733834
41,0.21713634142368463,0.11826030298094152,0.2557419775207689,0.24564261280338817,0.16289297931259164
42,0.21143508714774392,0.11581690829125264,0.2519954389965792,0.24890047238964,0.171526307216159
43,0.20573383287180322,0.11369929956018895,0.2503665092034533,0.2521583319758918,0.17771624043003748
44,0.1998696856165499,0.11125590487050008,0.24938915132757777,0.2531356898517674,0.18602378237497963
45,0.1941684313406092,0.10913829613943639,0.24613129174132595,0.2555790845414563,0.19465711027854699
46,0.1887929630232937,0.10783515230493566,0.24254764619644895,0.2594885160449585,0.20100993647173807
47,0.18520931747841668,0.10555465059455937,0.23912689363088452,0.25802247923114513,0.21176087310636912
48,0.18146277895422708,0.1031112559048705,0.23717217787913342,0.2593256230656459,0.21860237823749795
49,0.1769017755334745,0.10099364717380681,0.23277406743769344,0.26176901775533473,0.2272357061410653
50,0.1731552370092849,0.0972471086496172,0.22853884997556606,0.2647010913829614,0.23603192702394526
51,0.1694086984850953,0.09496660693924092,0.22593256230656458,0.2653526633002118,0.24401368301026224
52,0.1672910897540316,0.09203453331161426,0.22120866590649943,0.2653526633002118,0.2537872617690178
53,0.163544551229842,0.09007981755986318,0.21746212738230983,0.2686105228864636,0.25997719498289623
54,0.1612640495194657,0.0874735298908617,0.21518162567193355,0.26795895096921324,0.26779605798990064
55,0.1594722267470272,0.08665906499429875,0.20964326437530542,0.2687734158657762,0.27512624205896724
56,0.15637726014008796,0.08551881413911061,0.20719986968561654,0.26730737905196283,0.28327089102459685
57,0.15279361459521096,0.08388988434598468,0.20491936797524027,0.2671444860726503,0.29092686105228865
58,0.15018732692620948,0.08274963349079655,0.2003583645544877,0.26812184394852584,0.29825704512135526
59,0.1479068252158332,0.08193516859423358,0.1985665417820492,0.26763316501058804,0.3036325134386708
60,0.14530053754683173,0.08112070369767063,0.19563446815442254,0.2669815930933377,0.3106369115491122
61,0.14269424987783028,0.08014334582179508,0.19384264538198404,0.26551555627952433,0.31747841668024107
62,0.13894771135364065,0.07835152304935657,0.18977032089916926,0.2671444860726503,0.3254601726665581
63,0.13585274474670142,0.07655970027691807,0.1884671770646685,0.26747027203127544,0.3313243199218114
64,0.13308356409838737,0.07493077048379215,0.1865124613129174,0.26730737905196283,0.33784003909431504
65,0.13129174132594884,0.0739534126079166,0.18244013683010263,0.2669815930933377,0.3450073301840691
66,0.1285225606776348,0.07297605473204105,0.17983384916110115,0.26616712819677474,0.3521746212738231
67,0.1262420589672585,0.07183580387685291,0.17787913340935005,0.2651897703208992,0.35852744746701415
68,0.12510180811207036,0.07085844600097736,0.17364391594722267,0.26551555627952433,0.36455448770158005
69,0.12298419938100667,0.06955530216647662,0.171526307216159,0.2651897703208992,0.37041863495683336
70,0.12119237660856817,0.06841505131128849,0.16875712656784492,0.26356084052777323,0.37774881902589996
71,0.11972633979475485,0.0680892653526633,0.16582505294021826,0.26160612477602213,0.3844274311777162
72,0.11809741000162893,0.06727480045610035,0.16289297931259164,0.25981430200358363,0.3915947222674703
73,0.11630558722919042,0.0662974425802248,0.15898354780908944,0.26014008796220883,0.3979475484606613
74,0.1150024433946897,0.06548297768366183,0.15458543736764946,0.2594885160449585,0.4051148395504154
75,0.11353640658087637,0.06483140576641147,0.15263072161589836,0.2557419775207689,0.4129337025574198
76,0.11190747678775045,0.06352826193191073,0.14872129011239615,0.2573709073138948,0.4181462778954227
77,0.11044143997393713,0.06303958299397296,0.14627789542270728,0.2554161915621437,0.4244991040886138
78,0.10946408209806158,0.06206222511809741,0.1418797849812673,0.25460172666558073,0.4316663951783678
79,0.10750936634631048,0.06075908128359668,0.13943639029157842,0.25329858283108,0.43867079328880926
80,0.10539175761524679,0.05978172340772113,0.13715588858120215,0.2529727968724548,0.44437204756474996
81,0.10408861378074605,0.05913015149047076,0.13471249389151327,0.2502036162241407,0.45153933865450396
82,0.10213389802899495,0.05782700765597003,0.13340935005701254,0.24873757941032743,0.45756637888906987
83,0.0993647173806809,0.056198077862844115,0.13129174132594884,0.2490633653689526,0.4637563121029484
84,0.09773578758755498,0.05473204104903079,0.12966281153282294,0.24857468643101482,0.4689688874409513
85,0.09610685779442905,0.05408046913178042,0.12738230982244667,0.2469457566378889,0.4751588206548298
86,0.09464082098061574,0.05375468317315524,0.1246131291741326,0.24368789705163707,0.4829776836618342
87,0.093337677146115,0.05326600423521746,0.1224955204430689,0.24254764619644895,0.4880273660205245
88,0.09236031927023945,0.05277732529727969,0.12021501873269262,0.24222186023782374,0.4920996905033393
89,0.09154585437367649,0.052451539338654506,0.1166313731878156,0.24075582342401042,0.4982896237172178
90,0.09073138947711354,0.05212575338002932,0.11435087147743932,0.2374979638377586,0.504968235869034
91,0.08926535266330021,0.05163707444209155,0.11190747678775045,0.23603192702394526,0.5108323831242874
92,0.08828799478742466,0.051474181462778955,0.10864961720149861,0.23424010425150676,0.5170223163381659
93,0.08779931584948689,0.05017103762827822,0.10620622251180974,0.2319596025411305,0.5235380355106695
94,0.08633327903567356,0.04968235869034045,0.10359993484280827,0.22984199381006679,0.5302166476624858
95,0.08600749307704839,0.04903078677309008,0.101319433132432,0.22609545528587718,0.5372210457729272
96,0.08519302818048542,0.04886789379377749,0.0993647173806809,0.2216973448444372,0.5445512298419938
97,0.08421567030460987,0.0487050008144649,0.0970842156703046,0.21697344844437205,0.5526958788076234
98,0.08356409838735951,0.048379214855839715,0.09512949991855352,0.2138784818374328,0.5587229190421893
99,0.08323831242873432,0.047727642938589346,0.09236031927023945,0.2122495520443069,0.5640983873595048
100,0.08242384753217136,0.04756474995927676,0.09007981755986318,0.20931747841668025,0.5702883205733833
101,0.08242384753217136,0.04707607102133898,0.08845088776673725,0.2063854047890536,0.5753380029320736
102,0.08063202475973286,0.04691317804202639,0.08617038605636097,0.20540804691317804,0.5805505782700766
103,0.08014334582179508,0.046750285062713795,0.08437856328392246,0.20149861540967584,0.5869034044632676
104,0.0799804528424825,0.04626160612477602,0.08242384753217136,0.1985665417820492,0.5924417657598957
105,0.0796546668838573,0.04609871314546343,0.08014334582179508,0.19547157517510996,0.598305913015149
106,0.07916598794591953,0.04593582016615084,0.07802573709073139,0.19335396644404626,0.6031927023945268
107,0.07867730900798175,0.045772927186838244,0.07704837921485584,0.18944453494054406,0.6087310636911549
108,0.07753705815279362,0.04512135526958788,0.07655970027691807,0.18634956833360483,0.6141065320084704
109,0.07672259325623065,0.04495846229027529,0.07493077048379215,0.18211435087147743,0.6209480371395992
110,0.07655970027691807,0.0447955693109627,0.07216158983547809,0.1809741000162893,0.6251832546017266
111,0.07607102133898029,0.044306890373024925,0.07102133898028995,0.17820491936797525,0.6300700439811044
112,0.0759081283596677,0.04414399739371233,0.0682521583319759,0.17771624043003748,0.6336536895259814
113,0.07525655644241733,0.04349242547646196,0.06662322853884997,0.17543573871966117,0.6388662648639843
114,0.07476787750447955,0.04349242547646196,0.06515719172503665,0.17250366509203455,0.6437530542433622
115,0.07427919856654178,0.04349242547646196,0.06255090405603518,0.16973448444372047,0.6496172014986155
116,0.073790519628604,0.04316663951783678,0.06141065320084704,0.16843134060921974,0.6528750610848673
117,0.07346473366997883,0.042677960579899005,0.05945593744909594,0.16615083889884347,0.6579247434435576
118,0.07313894771135364,0.04235217462127382,0.0583156865939078,0.163544551229842,0.6623228538849976
119,0.07232448281479069,0.04202638866264864,0.05782700765597003,0.1594722267470272,0.6680241081609383
120,0.0719986968561655,0.04186349568333605,0.05668675680078188,0.1580061899332139,0.6711190747678775
121,0.0719986968561655,0.04186349568333605,0.05391757615246783,0.15686593907802573,0.6750285062713797
122,0.07151001791822773,0.041700602704023454,0.051148395504153774,0.1552370092848998,0.6800781886300701
123,0.07118423195960254,0.041700602704023454,0.05033393060759081,0.15002443394689688,0.6864310148232611
124,0.07069555302166476,0.04153770972471087,0.05017103762827822,0.14611500244339468,0.6911549112233263
125,0.07069555302166476,0.04153770972471087,0.04886789379377749,0.14367160775370583,0.6949014497475159
126,0.07069555302166476,0.04137481674539827,0.047727642938589346,0.14057664114676657,0.6992995601889559
127,0.07069555302166476,0.04121192376608568,0.046424499104088614,0.13845903241570287,0.7028832057338329
128,0.07036976706303959,0.04104903078677309,0.04544714122821306,0.13683010262257697,0.7059781723407721
129,0.06971819514578921,0.04104903078677309,0.044632676331650106,0.13471249389151327,0.7095618178856491
130,0.06906662322853885,0.04072324482814791,0.043655318455774555,0.1325948851604496,0.7136341423684639
131,0.06890373024922626,0.04072324482814791,0.042677960579899005,0.12949991855351034,0.7178693598305913
132,0.06874083726991366,0.040560351848835316,0.04137481674539827,0.12803388173969701,0.7209643264375305
133,0.06776347939403812,0.040560351848835316,0.04104903078677309,0.12559048705000814,0.7247108649617201
134,0.06743769343541293,0.040560351848835316,0.04121192376608568,0.12216973448444372,0.7282945105065972
135,0.06711190747678775,0.04039745886952272,0.04007167291089754,0.1224955204430689,0.7295976543410979
136,0.06694901449747516,0.04007167291089754,0.038931422055709396,0.12119237660856817,0.7325297279687245
137,0.06678612151816257,0.03974588695227236,0.03795406417983385,0.11858608893956671,0.7366020524515393
138,0.0661345496009122,0.03974588695227236,0.03827985013845903,0.11581690829125264,0.7396970190584786
139,0.06597165662159961,0.03974588695227236,0.03713959928327089,0.11386219253950154,0.7429548786447304
140,0.06580876364228702,0.039582993972959765,0.036162241407395344,0.11190747678775045,0.7462127382309822
141,0.06532008470434925,0.039582993972959765,0.035510669490144975,0.10946408209806158,0.7497963837758592
142,0.06532008470434925,0.03942010099364717,0.03437041863495683,0.10685779442906011,0.7537058152793614
143,0.06532008470434925,0.03942010099364717,0.03323016777976869,0.10539175761524679,0.7563121029483629
144,0.06483140576641147,0.03942010099364717,0.03274148884183092,0.1031112559048705,0.7595699625346147
145,0.06466851278709887,0.03942010099364717,0.031764130965955366,0.101319433132432,0.7625020361622414
146,0.06450561980778628,0.03942010099364717,0.031112559048705,0.10001628929793126,0.7646196448933051
147,0.06450561980778628,0.039257208014334584,0.030135201172829452,0.09789868056686757,0.7678775044795569
148,0.0641798338491611,0.03909431503502199,0.0291578432969539,0.09659553673236683,0.7706466851278709
149,0.0641798338491611,0.03909431503502199,0.02834337840039094,0.09512949991855352,0.7729271868382472
150,0.06385404789053592,0.038931422055709396,0.027691806483140576,0.09382635608405278,0.7753705815279361
151,0.06369115491122333,0.03876852907639681,0.02704023456589021,0.09252321224955204,0.7776510832383124
152,0.06336536895259814,0.038605636097084214,0.026551555627952434,0.09007981755986318,0.7810718358038768
153,0.06320247597328556,0.038605636097084214,0.025899983710702068,0.08845088776673725,0.7835152304935658
154,0.06303958299397296,0.03827985013845903,0.025248411793451702,0.0876364228701743,0.7854699462453169
155,0.06287669001466037,0.03827985013845903,0.024759732855513927,0.08584460009773578,0.7879133409350056
156,0.06255090405603518,0.03811695715914644,0.024596839876201336,0.08388988434598468,0.7905196286040072
157,0.062388011076722594,0.03795406417983385,0.023619482000325785,0.08258674051148396,0.7931259162730087
158,0.06222511809741,0.03795406417983385,0.022479231145137644,0.08226095455285877,0.7947548460661346
159,0.06222511809741,0.03795406417983385,0.022153445186512463,0.0799804528424825,0.7973611337351361
160,0.06206222511809741,0.03795406417983385,0.02199055220719987,0.07851441602866917,0.7991529565075746
161,0.06189933213878482,0.03779117120052126,0.021338980289949502,0.0776999511321062,0.8009447792800131
162,0.06157354618015964,0.03779117120052126,0.021664766248574687,0.0759081283596677,0.8027366020524516
163,0.06157354618015964,0.03779117120052126,0.02101319433132432,0.07427919856654178,0.8050171037628279
164,0.06141065320084704,0.03779117120052126,0.02019872943476136,0.07281316175272846,0.8074604984525167
165,0.06141065320084704,0.037465385241896076,0.01987294347613618,0.07183580387685291,0.8090894282456426
166,0.06124776022153445,0.03730249226258348,0.018732692620948038,0.07085844600097736,0.8115328229353315
167,0.06092197426290927,0.03730249226258348,0.01889558560026063,0.06922951620785144,0.81332464570777
168,0.06092197426290927,0.03730249226258348,0.017918227724385078,0.06743769343541293,0.8160938263560841
169,0.06092197426290927,0.03730249226258348,0.017429548786447303,0.0661345496009122,0.8178856491285226
170,0.06092197426290927,0.03713959928327089,0.017266655807134712,0.06450561980778628,0.8198403648802737
171,0.06092197426290927,0.0369767063039583,0.01694086984850953,0.06336536895259814,0.8214692946733996
172,0.06075908128359668,0.0369767063039583,0.016615083889884346,0.062388011076722594,0.8229353314872129
173,0.06075908128359668,0.0369767063039583,0.01612640495194657,0.06092197426290927,0.824890047238964
174,0.06075908128359668,0.0369767063039583,0.015149047076071022,0.05913015149047076,0.8276592278872781
175,0.06075908128359668,0.0369767063039583,0.014334582179508063,0.05733832871803225,0.8302655155562795
176,0.06075908128359668,0.0369767063039583,0.01400879622088288,0.05668675680078188,0.8312428734321551
177,0.060596188304284086,0.0369767063039583,0.01400879622088288,0.055546505945593745,0.8325460172666558
178,0.060596188304284086,0.03681381332464571,0.013520117282945105,0.05538361296628115,0.8333604821632188
179,0.060596188304284086,0.03681381332464571,0.012868545365694739,0.05505782700765597,0.8343378400390943
180,0.06043329532497149,0.03681381332464571,0.012542759407069556,0.05473204104903079,0.8351523049356573
181,0.06010750936634631,0.03681381332464571,0.012542759407069556,0.05294021827659228,0.837269913666721
182,0.05994461638703372,0.03681381332464571,0.012379866427756963,0.052451539338654506,0.8380843785632839
183,0.059618830428408535,0.036488027366020526,0.012379866427756963,0.05196286040071673,0.8392246294184721
184,0.059618830428408535,0.036488027366020526,0.011402508551881414,0.05098550252484118,0.8411793451702232
185,0.059618830428408535,0.036488027366020526,0.011076722593256231,0.049845251669653035,0.8426453819840365
186,0.059618830428408535,0.036488027366020526,0.010913829613943639,0.0487050008144649,0.8439485258185372
187,0.059618830428408535,0.036488027366020526,0.010425150676005863,0.0485421078351523,0.8446000977357876
188,0.059618830428408535,0.03632513438670793,0.010425150676005863,0.047401856979964165,0.8459032415702883
189,0.059618830428408535,0.03632513438670793,0.009447792800130314,0.04723896400065157,0.8470434924254765
190,0.059618830428408535,0.03632513438670793,0.008796220882879948,0.046424499104088614,0.8485095292392898
191,0.059618830428408535,0.03632513438670793,0.008470434924254765,0.04495846229027529,0.8503013520117283
192,0.059293044469783354,0.036162241407395344,0.008307541944942173,0.04414399739371233,0.8517673888255416
193,0.058967258511158166,0.036162241407395344,0.007818863007004398,0.043655318455774555,0.8530705326600424
194,0.058967258511158166,0.03599934842808275,0.007493077048379215,0.043329532497149374,0.8538849975566053
195,0.05880436553184558,0.03599934842808275,0.007493077048379215,0.04235217462127382,0.8550252484117935
196,0.05880436553184558,0.03599934842808275,0.007330184069066623,0.04153770972471087,0.856002606287669
197,0.05880436553184558,0.03599934842808275,0.00700439811044144,0.040560351848835316,0.8573057501221697
198,0.058641472552532985,0.03599934842808275,0.0068415051311288486,0.03942010099364717,0.8587717869359831
199,0.058641472552532985,0.035836455448770156,0.006678612151816257,0.038931422055709396,0.859586251832546
200,0.058641472552532985,0.035836455448770156,0.006515719172503665,0.03795406417983385,0.8607265026877342
201,0.058641472552532985,0.035836455448770156,0.006189933213878482,0.03730249226258348,0.8617038605636097
202,0.0584785795732204,0.03567356246945757,0.006189933213878482,0.03713959928327089,0.8621925395015475
203,0.0583156865939078,0.03567356246945757,0.00602704023456589,0.036488027366020526,0.863169897377423
204,0.0583156865939078,0.03567356246945757,0.00602704023456589,0.035510669490144975,0.8641472552532986
205,0.0583156865939078,0.03567356246945757,0.005864147255253299,0.03469620459358202,0.8651246131291741
206,0.0583156865939078,0.035510669490144975,0.005864147255253299,0.034533311614269424,0.8654503990877993
207,0.05815279361459521,0.035510669490144975,0.005864147255253299,0.03404463267633165,0.8661019710050497
208,0.05798990063528262,0.035510669490144975,0.005864147255253299,0.03323016777976869,0.8670793288809252
209,0.05798990063528262,0.035510669490144975,0.005701254275940707,0.0330672748004561,0.8674051148395504
210,0.05798990063528262,0.035510669490144975,0.005538361296628116,0.03257859586251832,0.8680566867568008
211,0.05798990063528262,0.035510669490144975,0.005538361296628116,0.03127545202801759,0.8693598305913015
212,0.05782700765597003,0.035510669490144975,0.005701254275940707,0.029483629255579083,0.87115165336374
213,0.05782700765597003,0.035510669490144975,0.005538361296628116,0.028506271379703536,0.8722919042189282
214,0.05782700765597003,0.035510669490144975,0.00504968235869034,0.027528913503827985,0.8737579410327415
215,0.05782700765597003,0.035510669490144975,0.004723896400065157,0.02704023456589021,0.8745724059293044
216,0.05782700765597003,0.035510669490144975,0.004561003420752566,0.026714448607265028,0.8750610848672422
217,0.057664114676657434,0.035510669490144975,0.004561003420752566,0.026551555627952434,0.8753868708258674
218,0.057664114676657434,0.035510669490144975,0.004561003420752566,0.026225769669327253,0.8757126567844926
219,0.057664114676657434,0.035510669490144975,0.004561003420752566,0.025737090731389477,0.8762013357224303
220,0.057664114676657434,0.03534777651083238,0.004235217462127383,0.024922625834826517,0.8775044795569311
221,0.05750122169734485,0.03534777651083238,0.004398110441439974,0.02378237497963838,0.8786447304121192
222,0.05750122169734485,0.03534777651083238,0.003909431503502199,0.02394526795895097,0.8789705163707444
223,0.05717543573871966,0.03534777651083238,0.004235217462127383,0.02313080306238801,0.8797849812673074
224,0.05717543573871966,0.03534777651083238,0.004235217462127383,0.022316338165825053,0.8805994461638703
225,0.05717543573871966,0.03534777651083238,0.003909431503502199,0.022153445186512463,0.8810881251018081
226,0.05717543573871966,0.03534777651083238,0.0037465385241896073,0.021338980289949502,0.8820654829776836
227,0.05701254275940707,0.03534777651083238,0.003909431503502199,0.02101319433132432,0.8823912689363088
228,0.05701254275940707,0.03534777651083238,0.0037465385241896073,0.020850301352011727,0.882717054894934
229,0.05701254275940707,0.03534777651083238,0.0032578595862518323,0.020850301352011727,0.8832057338328718
230,0.05684964978009448,0.03534777651083238,0.0032578595862518323,0.020524515393386546,0.8836944127708096
231,0.05684964978009448,0.03534777651083238,0.003094966606939241,0.01987294347613618,0.8845088776673725
232,0.05684964978009448,0.03534777651083238,0.003094966606939241,0.01905847857957322,0.8853233425639355
233,0.05684964978009448,0.03534777651083238,0.0029320736276266493,0.018406906662322853,0.8861378074604984
234,0.05684964978009448,0.03534777651083238,0.0029320736276266493,0.018081120703697672,0.8864635934191236
235,0.056523863821469296,0.03534777651083238,0.003094966606939241,0.017429548786447303,0.8872780583156866
236,0.056523863821469296,0.03534777651083238,0.003094966606939241,0.01710376282782212,0.8876038442743118
237,0.056523863821469296,0.03534777651083238,0.003094966606939241,0.016777976869196937,0.8879296302329369
238,0.056523863821469296,0.03534777651083238,0.003094966606939241,0.016777976869196937,0.8879296302329369
239,0.056523863821469296,0.03534777651083238,0.003094966606939241,0.016452190910571755,0.8882554161915621
240,0.056523863821469296,0.03534777651083238,0.002769180648314058,0.016615083889884346,0.8884183091708747
241,0.056523863821469296,0.03534777651083238,0.002606287669001466,0.016452190910571755,0.8887440951294999
242,0.056523863821469296,0.035184883531519794,0.0024433946896888744,0.01628929793125916,0.8892327740674377
243,0.056523863821469296,0.035184883531519794,0.0024433946896888744,0.01580061899332139,0.8897214530053754
244,0.056523863821469296,0.035184883531519794,0.0024433946896888744,0.01580061899332139,0.8897214530053754
245,0.056523863821469296,0.035184883531519794,0.0024433946896888744,0.015311940055383612,0.8902101319433132
246,0.056523863821469296,0.035184883531519794,0.002280501710376283,0.015149047076071022,0.8905359179019384
247,0.056523863821469296,0.035184883531519794,0.002280501710376283,0.014823261117445839,0.8908617038605636
248,0.056523863821469296,0.035184883531519794,0.002280501710376283,0.014823261117445839,0.8908617038605636
249,0.056523863821469296,0.035184883531519794,0.002280501710376283,0.014497475158820656,0.8911874898191888
250,0.056523863821469296,0.035184883531519794,0.002280501710376283,0.01400879622088288,0.8916761687571265
251,0.056523863821469296,0.035184883531519794,0.001791822772438508,0.01400879622088288,0.8921648476950643
252,0.056523863821469296,0.035184883531519794,0.001791822772438508,0.013194331324319922,0.8929793125916273
253,0.056523863821469296,0.035184883531519794,0.001791822772438508,0.012868545365694739,0.8933050985502525
254,0.0563609708421567,0.035184883531519794,0.0019547157517510994,0.012542759407069556,0.8936308845088776
255,0.0563609708421567,0.035184883531519794,0.0019547157517510994,0.01205408046913178,0.8941195634468154
256,0.0563609708421567,0.035184883531519794,0.0019547157517510994,0.01189118748981919,0.894282456426128
257,0.0563609708421567,0.035184883531519794,0.0019547157517510994,0.011239615572568822,0.8949340283433784
258,0.0563609708421567,0.035184883531519794,0.0019547157517510994,0.010588043655318456,0.8955856002606287
259,0.0563609708421567,0.035184883531519794,0.001791822772438508,0.010588043655318456,0.8957484932399413
260,0.0563609708421567,0.035184883531519794,0.001791822772438508,0.010425150676005863,0.8959113862192539
261,0.0563609708421567,0.035184883531519794,0.0016289297931259162,0.010425150676005863,0.8960742791985665
262,0.0563609708421567,0.035184883531519794,0.0014660368138133247,0.010588043655318456,0.8960742791985665
263,0.0563609708421567,0.035184883531519794,0.0014660368138133247,0.010425150676005863,0.8962371721778791
264,0.0563609708421567,0.035184883531519794,0.0014660368138133247,0.009284899820817722,0.8973774230330672
265,0.0563609708421567,0.035184883531519794,0.0014660368138133247,0.009284899820817722,0.8973774230330672
266,0.0563609708421567,0.035184883531519794,0.0014660368138133247,0.008796220882879948,0.897866101971005
267,0.0563609708421567,0.035184883531519794,0.0014660368138133247,0.008633327903567356,0.8980289949503176
268,0.0563609708421567,0.035184883531519794,0.0014660368138133247,0.008307541944942173,0.8983547809089428
269,0.0563609708421567,0.035184883531519794,0.001303143834500733,0.00814464896562958,0.898680566867568
270,0.0563609708421567,0.035184883531519794,0.0011402508551881414,0.008307541944942173,0.898680566867568
271,0.0563609708421567,0.035184883531519794,0.0011402508551881414,0.008307541944942173,0.898680566867568
272,0.0563609708421567,0.035184883531519794,9.773578758755497E-4,0.008307541944942173,0.8988434598468806
273,0.0563609708421567,0.0350219905522072,9.773578758755497E-4,0.00798175598631699,0.8993321387848183
274,0.0563609708421567,0.0350219905522072,9.773578758755497E-4,0.007493077048379215,0.8998208177227561
275,0.0563609708421567,0.0350219905522072,8.144648965629581E-4,0.007655970027691806,0.8998208177227561
276,0.0563609708421567,0.0350219905522072,8.144648965629581E-4,0.007655970027691806,0.8998208177227561
277,0.0563609708421567,0.0350219905522072,8.144648965629581E-4,0.007493077048379215,0.8999837107020687
278,0.0563609708421567,0.0350219905522072,8.144648965629581E-4,0.007167291089754032,0.9003094966606939
279,0.0563609708421567,0.0350219905522072,8.144648965629581E-4,0.00700439811044144,0.9004723896400065
280,0.0563609708421567,0.0350219905522072,8.144648965629581E-4,0.0068415051311288486,0.9006352826193191
281,0.0563609708421567,0.0350219905522072,8.144648965629581E-4,0.0068415051311288486,0.9006352826193191
282,0.0563609708421567,0.0350219905522072,8.144648965629581E-4,0.0068415051311288486,0.9006352826193191
283,0.0563609708421567,0.0350219905522072,8.144648965629581E-4,0.006678612151816257,0.9007981755986317
284,0.0563609708421567,0.0350219905522072,8.144648965629581E-4,0.006678612151816257,0.9007981755986317
285,0.0563609708421567,0.0350219905522072,8.144648965629581E-4,0.006678612151816257,0.9007981755986317
286,0.0563609708421567,0.0350219905522072,8.144648965629581E-4,0.006515719172503665,0.9009610685779443
287,0.0563609708421567,0.0350219905522072,8.144648965629581E-4,0.006515719172503665,0.9009610685779443
288,0.0563609708421567,0.0350219905522072,6.515719172503665E-4,0.006678612151816257,0.9009610685779443
289,0.0563609708421567,0.0350219905522072,4.886789379377749E-4,0.006678612151816257,0.9011239615572569
290,0.0563609708421567,0.0350219905522072,3.2578595862518323E-4,0.006515719172503665,0.901449747515882
291,0.0563609708421567,0.0350219905522072,3.2578595862518323E-4,0.006352826193191073,0.9016126404951946
292,0.0563609708421567,0.0350219905522072,3.2578595862518323E-4,0.006352826193191073,0.9016126404951946
293,0.0563609708421567,0.0350219905522072,3.2578595862518323E-4,0.006189933213878482,0.9017755334745072
294,0.0563609708421567,0.0350219905522072,3.2578595862518323E-4,0.00602704023456589,0.9019384264538198
295,0.0563609708421567,0.0350219905522072,3.2578595862518323E-4,0.005375468317315524,0.9025899983710702
296,0.0563609708421567,0.0350219905522072,3.2578595862518323E-4,0.005212575338002932,0.9027528913503828
297,0.0563609708421567,0.0350219905522072,3.2578595862518323E-4,0.004886789379377749,0.9030786773090079
298,0.0563609708421567,0.0350219905522072,3.2578595862518323E-4,0.004723896400065157,0.9032415702883205
299,0.0563609708421567,0.0350219905522072,3.2578595862518323E-4,0.004398110441439974,0.9035673562469457
300,0.0563609708421567,0.0350219905522072,3.2578595862518323E-4,0.004398110441439974,0.9035673562469457
301,0.0563609708421567,0.0350219905522072,3.2578595862518323E-4,0.004235217462127383,0.9037302492262583
302,0.0563609708421567,0.0350219905522072,3.2578595862518323E-4,0.004235217462127383,0.9037302492262583
303,0.0563609708421567,0.0350219905522072,3.2578595862518323E-4,0.00407232448281479,0.9038931422055709
304,0.0563609708421567,0.0350219905522072,3.2578595862518323E-4,0.0037465385241896073,0.9042189281641961
305,0.0563609708421567,0.0350219905522072,3.2578595862518323E-4,0.0037465385241896073,0.9042189281641961
306,0.0563609708421567,0.0350219905522072,3.2578595862518323E-4,0.0037465385241896073,0.9042189281641961
307,0.0563609708421567,0.0350219905522072,3.2578595862518323E-4,0.003094966606939241,0.9048705000814465
308,0.0563609708421567,0.0350219905522072,3.2578595862518323E-4,0.0029320736276266493,0.905033393060759
309,0.0563609708421567,0.0350219905522072,3.2578595862518323E-4,0.002606287669001466,0.9053591790193842
310,0.0563609708421567,0.0350219905522072,3.2578595862518323E-4,0.002606287669001466,0.9053591790193842
311,0.0563609708421567,0.0350219905522072,3.2578595862518323E-4,0.002606287669001466,0.9053591790193842
312,0.0563609708421567,0.0350219905522072,3.2578595862518323E-4,0.002606287669001466,0.9053591790193842
313,0.0563609708421567,0.0350219905522072,3.2578595862518323E-4,0.002606287669001466,0.9053591790193842
314,0.0563609708421567,0.0350219905522072,3.2578595862518323E-4,0.0024433946896888744,0.9055220719986968
315,0.0563609708421567,0.0350219905522072,3.2578595862518323E-4,0.0024433946896888744,0.9055220719986968
316,0.0563609708421567,0.0350219905522072,0.0,0.002606287669001466,0.9056849649780094
317,0.0563609708421567,0.0350219905522072,0.0,0.0024433946896888744,0.905847857957322
318,0.0563609708421567,0.0350219905522072,0.0,0.0024433946896888744,0.905847857957322
319,0.0563609708421567,0.0350219905522072,0.0,0.0024433946896888744,0.905847857957322
320,0.0563609708421567,0.0350219905522072,0.0,0.002280501710376283,0.9060107509366346
321,0.0563609708421567,0.0350219905522072,0.0,0.002280501710376283,0.9060107509366346
322,0.0563609708421567,0.0350219905522072,0.0,0.002280501710376283,0.9060107509366346
323,0.0563609708421567,0.0350219905522072,0.0,0.002280501710376283,0.9060107509366346
324,0.0563609708421567,0.0350219905522072,0.0,0.002280501710376283,0.9060107509366346
325,0.0563609708421567,0.0350219905522072,0.0,0.002280501710376283,0.9060107509366346
326,0.0563609708421567,0.0350219905522072,0.0,0.001791822772438508,0.9064994298745724
327,0.0563609708421567,0.0350219905522072,0.0,0.001791822772438508,0.9064994298745724
328,0.0563609708421567,0.0350219905522072,0.0,0.0016289297931259162,0.906662322853885
329,0.0563609708421567,0.0350219905522072,0.0,0.0016289297931259162,0.906662322853885
330,0.0563609708421567,0.0350219905522072,0.0,0.0016289297931259162,0.906662322853885
331,0.0563609708421567,0.0350219905522072,0.0,0.0016289297931259162,0.906662322853885
332,0.0563609708421567,0.0350219905522072,0.0,0.0016289297931259162,0.906662322853885
333,0.0563609708421567,0.0350219905522072,0.0,0.0014660368138133247,0.9068252158331976
334,0.0563609708421567,0.0350219905522072,0.0,0.001303143834500733,0.9069881088125101
335,0.0563609708421567,0.0350219905522072,0.0,0.001303143834500733,0.9069881088125101
336,0.0563609708421567,0.0350219905522072,0.0,0.001303143834500733,0.9069881088125101
337,0.0563609708421567,0.0350219905522072,0.0,0.001303143834500733,0.9069881088125101
338,0.0563609708421567,0.0350219905522072,0.0,0.0011402508551881414,0.9071510017918227
339,0.0563609708421567,0.0350219905522072,0.0,9.773578758755497E-4,0.9073138947711353
340,0.0563609708421567,0.0350219905522072,0.0,9.773578758755497E-4,0.9073138947711353
341,0.0563609708421567,0.0350219905522072,0.0,9.773578758755497E-4,0.9073138947711353
342,0.0563609708421567,0.0350219905522072,0.0,9.773578758755497E-4,0.9073138947711353
343,0.0563609708421567,0.0350219905522072,0.0,9.773578758755497E-4,0.9073138947711353
344,0.0563609708421567,0.0350219905522072,0.0,9.773578758755497E-4,0.9073138947711353
345,0.0563609708421567,0.0350219905522072,0.0,9.773578758755497E-4,0.9073138947711353
346,0.0563609708421567,0.0350219905522072,0.0,9.773578758755497E-4,0.9073138947711353
347,0.0563609708421567,0.0350219905522072,0.0,8.144648965629581E-4,0.9074767877504479
348,0.0563609708421567,0.0350219905522072,0.0,8.144648965629581E-4,0.9074767877504479
349,0.0563609708421567,0.0350219905522072,0.0,8.144648965629581E-4,0.9074767877504479
350,0.0563609708421567,0.0350219905522072,0.0,8.144648965629581E-4,0.9074767877504479
351,0.0563609708421567,0.0350219905522072,0.0,8.144648965629581E-4,0.9074767877504479
352,0.0563609708421567,0.0350219905522072,0.0,8.144648965629581E-4,0.9074767877504479
353,0.0563609708421567,0.0350219905522072,0.0,8.144648965629581E-4,0.9074767877504479
354,0.0563609708421567,0.0350219905522072,0.0,8.144648965629581E-4,0.9074767877504479
355,0.0563609708421567,0.0350219905522072,0.0,6.515719172503665E-4,0.9076396807297605
356,0.0563609708421567,0.0350219905522072,0.0,4.886789379377749E-4,0.9078025737090731
357,0.0563609708421567,0.0350219905522072,0.0,4.886789379377749E-4,0.9078025737090731
358,0.0563609708421567,0.0350219905522072,0.0,3.2578595862518323E-4,0.9079654666883857
359,0.0563609708421567,0.0350219905522072,0.0,0.0,0.9082912526470109
360,0.0563609708421567,0.0350219905522072,0.0,0.0,0.9082912526470109
361,0.0563609708421567,0.0350219905522072,0.0,0.0,0.9082912526470109
362,0.0563609708421567,0.0350219905522072,0.0,0.0,0.9082912526470109
363,0.0563609708421567,0.0350219905522072,0.0,0.0,0.9082912526470109
364,0.0563609708421567,0.0350219905522072,0.0,0.0,0.9082912526470109
365,0.0563609708421567,0.0350219905522072,0.0,0.0,0.9082912526470109
366,0.0563609708421567,0.0350219905522072,0.0,0.0,0.9082912526470109
367,0.0563609708421567,0.0350219905522072,0.0,0.0,0.9082912526470109
368,0.0563609708421567,0.0350219905522072,0.0,0.0,0.9082912526470109
369,0.0563609708421567,0.0350219905522072,0.0,0.0,0.9082912526470109
370,0.0563609708421567,0.0350219905522072,0.0,0.0,0.9082912526470109
371,0.0563609708421567,0.0350219905522072,0.0,0.0,0.9082912526470109
372,0.0563609708421567,0.0350219905522072,0.0,0.0,0.9082912526470109
373,0.0563609708421567,0.0350219905522072,0.0,0.0,0.9082912526470109
374,0.0563609708421567,0.0350219905522072,0.0,0.0,0.9082912526470109
375,0.0563609708421567,0.0350219905522072,0.0,0.0,0.9082912526470109
376,0.0563609708421567,0.0350219905522072,0.0,-1.6289297931259162E-4,0.9084541456263235
377,0.0563609708421567,0.0350219905522072,0.0,-1.6289297931259162E-4,0.9084541456263235
378,0.0563609708421567,0.0350219905522072,0.0,-1.6289297931259162E-4,0.9084541456263235
379,0.0563609708421567,0.0350219905522072,0.0,-1.6289297931259162E-4,0.9084541456263235
380,0.0563609708421567,0.0350219905522072,0.0,-1.6289297931259162E-4,0.9084541456263235
381,0.0563609708421567,0.0350219905522072,0.0,-1.6289297931259162E-4,0.9084541456263235
382,0.0563609708421567,0.0350219905522072,0.0,-1.6289297931259162E-4,0.9084541456263235
383,0.0563609708421567,0.0350219905522072,0.0,-1.6289297931259162E-4,0.9084541456263235
384,0.0563609708421567,0.0350219905522072,0.0,-1.6289297931259162E-4,0.9084541456263235
385,0.0563609708421567,0.0350219905522072,0.0,-1.6289297931259162E-4,0.9084541456263235
386,0.0563609708421567,0.0350219905522072,0.0,-1.6289297931259162E-4,0.9084541456263235
387,0.0563609708421567,0.0350219905522072,0.0,-1.6289297931259162E-4,0.9084541456263235
388,0.0563609708421567,0.0350219905522072,0.0,-1.6289297931259162E-4,0.9084541456263235
389,0.0563609708421567,0.0350219905522072,0.0,-1.6289297931259162E-4,0.9084541456263235
390,0.0563609708421567,0.0350219905522072,0.0,-1.6289297931259162E-4,0.9084541456263235
391,0.0563609708421567,0.0350219905522072,0.0,-1.6289297931259162E-4,0.9084541456263235
392,0.0563609708421567,0.0350219905522072,0.0,-1.6289297931259162E-4,0.9084541456263235
393,0.0563609708421567,0.0350219905522072,0.0,-1.6289297931259162E-4,0.9084541456263235
394,0.0563609708421567,0.0350219905522072,0.0,-1.6289297931259162E-4,0.9084541456263235
395,0.0563609708421567,0.0350219905522072,0.0,-1.6289297931259162E-4,0.9084541456263235
396,0.0563609708421567,0.0350219905522072,0.0,-1.6289297931259162E-4,0.9084541456263235
397,0.0563609708421567,0.0350219905522072,0.0,-1.6289297931259162E-4,0.9084541456263235
398,0.0563609708421567,0.0350219905522072,0.0,-1.6289297931259162E-4,0.9084541456263235
399,0.0563609708421567,0.0350219905522072,0.0,-1.6289297931259162E-4,0.9084541456263235
400,0.0563609708421567,0.0350219905522072,0.0,-1.6289297931259162E-4,0.9084541456263235
401,0.0563609708421567,0.0350219905522072,0.0,-1.6289297931259162E-4,0.9084541456263235
402,0.0563609708421567,0.0350219905522072,0.0,-1.6289297931259162E-4,0.9084541456263235
403,0.0563609708421567,0.0350219905522072,0.0,-1.6289297931259162E-4,0.9084541456263235
404,0.0563609708421567,0.0350219905522072,0.0,-1.6289297931259162E-4,0.9084541456263235
405,0.0563609708421567,0.0350219905522072,0.0,-1.6289297931259162E-4,0.9084541456263235
406,0.0563609708421567,0.0350219905522072,0.0,-1.6289297931259162E-4,0.9084541456263235
407,0.0563609708421567,0.0350219905522072,0.0,-1.6289297931259162E-4,0.9084541456263235
408,0.0563609708421567,0.0350219905522072,0.0,-1.6289297931259162E-4,0.9084541456263235
409,0.0563609708421567,0.0350219905522072,0.0,-1.6289297931259162E-4,0.9084541456263235
410,0.0563609708421567,0.0350219905522072,0.0,-1.6289297931259162E-4,0.9084541456263235
411,0.0563609708421567,0.0350219905522072,0.0,-1.6289297931259162E-4,0.9084541456263235
412,0.0563609708421567,0.0350219905522072,0.0,-1.6289297931259162E-4,0.9084541456263235
413,0.0563609708421567,0.0350219905522072,0.0,-1.6289297931259162E-4,0.9084541456263235
414,0.0563609708421567,0.0350219905522072,0.0,-1.6289297931259162E-4,0.9084541456263235
415,0.0563609708421567,0.0350219905522072,0.0,-1.6289297931259162E-4,0.9084541456263235
416,0.0563609708421567,0.0350219905522072,0.0,-1.6289297931259162E-4,0.9084541456263235
417,0.0563609708421567,0.0350219905522072,0.0,-1.6289297931259162E-4,0.9084541456263235
418,0.0563609708421567,0.0350219905522072,0.0,-1.6289297931259162E-4,0.9084541456263235
419,0.0563609708421567,0.0350219905522072,0.0,-1.6289297931259162E-4,0.9084541456263235
420,0.0563609708421567,0.0350219905522072,0.0,-1.6289297931259162E-4,0.9084541456263235
421,0.0563609708421567,0.0350219905522072,0.0,-1.6289297931259162E-4,0.9084541456263235
422,0.0563609708421567,0.0350219905522072,0.0,-1.6289297931259162E-4,0.9084541456263235
423,0.0563609708421567,0.0350219905522072,0.0,-1.6289297931259162E-4,0.9084541456263235
424,0.0563609708421567,0.0350219905522072,0.0,-1.6289297931259162E-4,0.9084541456263235
425,0.0563609708421567,0.0350219905522072,0.0,-1.6289297931259162E-4,0.9084541456263235
426,0.0563609708421567,0.0350219905522072,0.0,-1.6289297931259162E-4,0.9084541456263235
427,0.0563609708421567,0.0350219905522072,0.0,-1.6289297931259162E-4,0.9084541456263235
428,0.0563609708421567,0.0350219905522072,0.0,-1.6289297931259162E-4,0.9084541456263235
429,0.0563609708421567,0.0350219905522072,0.0,-1.6289297931259162E-4,0.9084541456263235
430,0.0563609708421567,0.0350219905522072,0.0,-1.6289297931259162E-4,0.9084541456263235
431,0.0563609708421567,0.0350219905522072,0.0,-1.6289297931259162E-4,0.9084541456263235
432,0.0563609708421567,0.0350219905522072,0.0,-1.6289297931259162E-4,0.9084541456263235
433,0.0563609708421567,0.0350219905522072,0.0,-1.6289297931259162E-4,0.9084541456263235
434,0.0563609708421567,0.0350219905522072,0.0,-1.6289297931259162E-4,0.9084541456263235
435,0.0563609708421567,0.0350219905522072,0.0,-1.6289297931259162E-4,0.9084541456263235
436,0.0563609708421567,0.0350219905522072,0.0,-1.6289297931259162E-4,0.9084541456263235
437,0.0563609708421567,0.0350219905522072,0.0,-1.6289297931259162E-4,0.9084541456263235
438,0.0563609708421567,0.0350219905522072,0.0,-1.6289297931259162E-4,0.9084541456263235
439,0.0563609708421567,0.0350219905522072,0.0,-1.6289297931259162E-4,0.9084541456263235
440,0.0563609708421567,0.0350219905522072,0.0,-1.6289297931259162E-4,0.9084541456263235
441,0.0563609708421567,0.0350219905522072,0.0,-1.6289297931259162E-4,0.9084541456263235
442,0.0563609708421567,0.0350219905522072,0.0,-1.6289297931259162E-4,0.9084541456263235
443,0.0563609708421567,0.0350219905522072,0.0,-1.6289297931259162E-4,0.9084541456263235
444,0.0563609708421567,0.0350219905522072,0.0,-1.6289297931259162E-4,0.9084541456263235
445,0.0563609708421567,0.0350219905522072,0.0,-1.6289297931259162E-4,0.9084541456263235
446,0.0563609708421567,0.0350219905522072,0.0,-1.6289297931259162E-4,0.9084541456263235
447,0.0563609708421567,0.0350219905522072,0.0,-1.6289297931259162E-4,0.9084541456263235
448,0.0563609708421567,0.0350219905522072,0.0,-1.6289297931259162E-4,0.9084541456263235
449,0.0563609708421567,0.0350219905522072,0.0,-1.6289297931259162E-4,0.9084541456263235
450,0.0563609708421567,0.0350219905522072,0.0,-1.6289297931259162E-4,0.9084541456263235
451,0.0563609708421567,0.0350219905522072,0.0,-1.6289297931259162E-4,0.9084541456263235
452,0.0563609708421567,0.0350219905522072,0.0,-1.6289297931259162E-4,0.9084541456263235
453,0.0563609708421567,0.0350219905522072,0.0,-1.6289297931259162E-4,0.9084541456263235
454,0.0563609708421567,0.0350219905522072,0.0,-1.6289297931259162E-4,0.9084541456263235
455,0.0563609708421567,0.0350219905522072,0.0,-1.6289297931259162E-4,0.9084541456263235
456,0.0563609708421567,0.0350219905522072,0.0,-1.6289297931259162E-4,0.9084541456263235
457,0.0563609708421567,0.0350219905522072,0.0,-1.6289297931259162E-4,0.9084541456263235
458,0.0563609708421567,0.0350219905522072,0.0,-1.6289297931259162E-4,0.9084541456263235
459,0.0563609708421567,0.0350219905522072,0.0,-1.6289297931259162E-4,0.9084541456263235
460,0.0563609708421567,0.0350219905522072,0.0,-1.6289297931259162E-4,0.9084541456263235
461,0.0563609708421567,0.0350219905522072,0.0,-1.6289297931259162E-4,0.9084541456263235
462,0.0563609708421567,0.0350219905522072,0.0,-1.6289297931259162E-4,0.9084541456263235
463,0.0563609708421567,0.0350219905522072,0.0,-1.6289297931259162E-4,0.9084541456263235
464,0.0563609708421567,0.0350219905522072,0.0,-1.6289297931259162E-4,0.9084541456263235
465,0.0563609708421567,0.0350219905522072,0.0,-1.6289297931259162E-4,0.9084541456263235
466,0.0563609708421567,0.0350219905522072,0.0,-1.6289297931259162E-4,0.9084541456263235
467,0.0563609708421567,0.0350219905522072,0.0,-1.6289297931259162E-4,0.9084541456263235
468,0.0563609708421567,0.0350219905522072,0.0,-1.6289297931259162E-4,0.9084541456263235
469,0.0563609708421567,0.0350219905522072,0.0,-1.6289297931259162E-4,0.9084541456263235
470,0.0563609708421567,0.0350219905522072,0.0,-1.6289297931259162E-4,0.9084541456263235
471,0.0563609708421567,0.0350219905522072,0.0,-1.6289297931259162E-4,0.9084541456263235
472,0.0563609708421567,0.0350219905522072,0.0,-1.6289297931259162E-4,0.9084541456263235
473,0.0563609708421567,0.0350219905522072,0.0,-1.6289297931259162E-4,0.9084541456263235
474,0.0563609708421567,0.0350219905522072,0.0,-1.6289297931259162E-4,0.9084541456263235
475,0.0563609708421567,0.0350219905522072,0.0,-1.6289297931259162E-4,0.9084541456263235
476,0.0563609708421567,0.0350219905522072,0.0,-1.6289297931259162E-4,0.9084541456263235
477,0.0563609708421567,0.0350219905522072,0.0,-1.6289297931259162E-4,0.9084541456263235
478,0.0563609708421567,0.0350219905522072,0.0,-1.6289297931259162E-4,0.9084541456263235
479,0.0563609708421567,0.0350219905522072,0.0,-1.6289297931259162E-4,0.9084541456263235
480,0.0563609708421567,0.0350219905522072,0.0,-1.6289297931259162E-4,0.9084541456263235
481,0.0563609708421567,0.0350219905522072,0.0,-1.6289297931259162E-4,0.9084541456263235
482,0.0563609708421567,0.0350219905522072,0.0,-1.6289297931259162E-4,0.9084541456263235
483,0.0563609708421567,0.0350219905522072,0.0,-1.6289297931259162E-4,0.9084541456263235
484,0.0563609708421567,0.0350219905522072,0.0,-1.6289297931259162E-4,0.9084541456263235
485,0.0563609708421567,0.0350219905522072,0.0,-1.6289297931259162E-4,0.9084541456263235
486,0.0563609708421567,0.0350219905522072,0.0,-1.6289297931259162E-4,0.9084541456263235
487,0.0563609708421567,0.0350219905522072,0.0,-1.6289297931259162E-4,0.9084541456263235
488,0.0563609708421567,0.0350219905522072,0.0,-1.6289297931259162E-4,0.9084541456263235
489,0.0563609708421567,0.0350219905522072,0.0,-1.6289297931259162E-4,0.9084541456263235
490,0.0563609708421567,0.0350219905522072,0.0,-1.6289297931259162E-4,0.9084541456263235
491,0.0563609708421567,0.0350219905522072,0.0,-1.6289297931259162E-4,0.9084541456263235
492,0.0563609708421567,0.0350219905522072,0.0,-1.6289297931259162E-4,0.9084541456263235
493,0.0563609708421567,0.0350219905522072,0.0,-1.6289297931259162E-4,0.9084541456263235
494,0.0563609708421567,0.0350219905522072,0.0,-1.6289297931259162E-4,0.9084541456263235
495,0.0563609708421567,0.0350219905522072,0.0,-1.6289297931259162E-4,0.9084541456263235
496,0.0563609708421567,0.0350219905522072,0.0,-1.6289297931259162E-4,0.9084541456263235
497,0.0563609708421567,0.0350219905522072,0.0,-1.6289297931259162E-4,0.9084541456263235
498,0.0563609708421567,0.0350219905522072,0.0,-1.6289297931259162E-4,0.9084541456263235
499,0.0563609708421567,0.0350219905522072,0.0,-1.6289297931259162E-4,0.9084541456263235
