0,0.695,0.3,0,0.005,0
1,0.6789379377748819,0.2938589346799153,0.01596351197263398,0.010588043655318456,3.2578595862518323E-4
2,0.6724222186023783,0.29255579084541455,0.022316338165825053,0.011402508551881414,9.773578758755497E-4
3,0.666558071347125,0.29043818211435085,0.027366020524515394,0.01400879622088288,0.001303143834500733
4,0.6582505294021828,0.28848346636259975,0.034859097572894605,0.01596351197263398,0.0021176087310636913
5,0.6499429874572406,0.2857142857142857,0.04235217462127382,0.019221371558885814,0.0024433946896888744
6,0.6414725525329859,0.2818048542107835,0.04951946571102785,0.02410816093826356,0.002769180648314058
7,0.6273008633327903,0.2785469946245317,0.06124776022153445,0.02899495031764131,0.003583645544877016
8,0.610685779442906,0.27382309822446654,0.07704837921485584,0.03388173969701906,0.004235217462127383
9,0.5948851604495846,0.2690992018244014,0.09024271053917576,0.039257208014334584,0.006189933213878482
10,0.5741977520768855,0.2645381984036488,0.10930118911874898,0.044306890373024925,0.007330184069066623
11,0.5579084541456263,0.2611174458380844,0.1226584134223815,0.049845251669653035,0.00814464896562958
12,0.5416191562143672,0.2552532985828311,0.13536406580876365,0.05717543573871966,0.010262257696693273
13,0.5256556442417332,0.2502036162241407,0.1457892164847695,0.06450561980778628,0.013520117282945105
14,0.507737416517348,0.24466525492751262,0.15963511972633979,0.0719986968561655,0.015637726014008795
15,0.49128522560677634,0.2374979638377586,0.17054894934028345,0.08274963349079655,0.017592441765759897
16,0.47222674702720313,0.23033067274800456,0.1826030298094152,0.09366346310474019,0.020850301352011727
17,0.45170223163381656,0.22528099038931423,0.19775207688548624,0.101319433132432,0.023619482000325785
18,0.43476136178530705,0.21941684313406093,0.20899169245805505,0.10913829613943639,0.027366020524515394
19,0.4184720638540479,0.21453005375468318,0.22039420100993648,0.11630558722919042,0.02997230819351686
20,0.4029972308193517,0.20882879947874247,0.229353314872129,0.12428734321550741,0.03420752565564424
21,0.3919205082260955,0.20345333116142694,0.233751425313569,0.13324645707769994,0.03730249226258348
22,0.38035510669490147,0.19938100667861214,0.23814953575500897,0.14073953412607917,0.04104903078677309
23,0.3691154911223326,0.1944942172992344,0.24222186023782374,0.1479068252158332,0.04593582016615084
24,0.3562469457566379,0.18944453494054406,0.24890047238964,0.15474833034696206,0.05033393060759081
25,0.34386707932888094,0.18390617364391595,0.2539501547483303,0.1630558722919042,0.054894934028343376
26,0.3332790356735625,0.17934517022316337,0.2549275126242059,0.171526307216159,0.060596188304284086
27,0.3207362762664929,0.17445838084378562,0.26193191073464733,0.1770646685127871,0.06548297768366183
28,0.30982244665254927,0.17022316338165824,0.26567844925883694,0.18178856491285225,0.07216158983547809
29,0.30200358364554486,0.1653363740022805,0.2664929141553999,0.18765271216810556,0.07818863007004398
30,0.29239289786610195,0.16142694249877831,0.2668187001140251,0.1964489330509855,0.08258674051148396
31,0.2822935331487213,0.1571917250366509,0.26958788076233914,0.19970679263723734,0.09089428245642613
32,0.2741488841830917,0.15197914969864798,0.26958788076233914,0.20736276266492915,0.09659553673236683
33,0.26551555627952433,0.1495357550089591,0.2705652386382147,0.20931747841668025,0.10474018569799641
34,0.2589998371070207,0.14676657436064505,0.2687734158657762,0.21436716077537057,0.1107672259325623
35,0.2539501547483303,0.14253135689851767,0.2664929141553999,0.21860237823749795,0.11809741000162893
36,0.24678286365857632,0.13959928327089102,0.2663300211760873,0.22316338165825053,0.12379866427756964
37,0.24091871640332302,0.1363414236846392,0.2645381984036488,0.22707281316175273,0.13080306238801107
38,0.23456589021013194,0.13308356409838737,0.2633979475484607,0.23016777976869196,0.13845903241570287
39,0.22837595699625346,0.12949991855351034,0.2633979475484607,0.2311451376445675,0.14725525329858283
40,0.22267470272031276,0.1267307379051963,0.2607916598794592,0.23505456914806971,0.15442254438833686
41,0.21811369929956018,0.1226584134223815,0.2589998371070207,0.23847532171363414,0.16142694249877831
42,0.21306401694086985,0.12037791171200521,0.25476461964489333,0.24287343215507412,0.16859423358853234
43,0.20850301352011727,0.11793451702231633,0.2523212249552044,0.2449910408861378,0.17592441765759895
44,0.20345333116142694,0.11483955041537709,0.2503665092034533,0.24808600749307705,0.1829288157680404
45,0.19726339794754846,0.11255904870500082,0.24987783026551555,0.24808600749307705,0.19188792963023293
46,0.19286528750610848,0.11027854699462453,0.2472715425965141,0.24938915132757777,0.1998696856165499
47,0.1886300700439811,0.10783515230493566,0.24596839876201335,0.2505294021827659,0.20671119074767877
48,0.1847206385404789,0.10571754357387196,0.24205896725851117,0.252484117934517,0.21469294673399578
49,0.17967095618178858,0.10408861378074605,0.24059293044469784,0.25329858283108,0.22202313080306238
50,0.17657598957484932,0.10294836292555791,0.23668349894119564,0.2559048705000814,0.2275614920996905
51,0.17364391594722267,0.10050496823586903,0.23342563935494381,0.25655644241733183,0.2355432480860075
52,0.17038605636097084,0.0993647173806809,0.22853884997556606,0.2591627300863333,0.24222186023782374
53,0.16794266167128197,0.09773578758755498,0.22316338165825053,0.26193191073464733,0.24890047238964
54,0.16517348102296792,0.09561817885649128,0.22071998696856165,0.2611174458380844,0.2570451213552696
55,0.1619156214367161,0.09366346310474019,0.2179508063202476,0.26176901775533473,0.26437530542433624
56,0.1593093337677146,0.09236031927023945,0.2159960905684965,0.25981430200358363,0.2721941684313406
57,0.15702883205733834,0.08991692458055058,0.21290112396155725,0.26046587392083403,0.27936145952109465
58,0.15246782863658576,0.08861378074604985,0.21094640820980615,0.2629092686105229,0.28473692783841015
59,0.15018732692620948,0.08796220882879947,0.2065482977683662,0.2632350545691481,0.2917413259488516
60,0.14725525329858283,0.08600749307704839,0.2024759732855514,0.2629092686105229,0.3010262257696693
61,0.14530053754683173,0.08437856328392246,0.19742629092686106,0.2647010913829614,0.30786773090079816
62,0.14318292881576805,0.08209806157354618,0.19563446815442254,0.2647010913829614,0.31405766411467667
63,0.14041374816745397,0.08030623880110767,0.1923766085681707,0.2645381984036488,0.3220394201009936
64,0.1379703534777651,0.07900309496660694,0.18928164196123148,0.26437530542433624,0.3290438182114351
65,0.13487538687082587,0.07688548623554325,0.18504642449910408,0.2653526633002118,0.33751425313568983
66,0.13275777813976217,0.07558234240104252,0.18064831405766413,0.26616712819677474,0.3445186512461313
67,0.13080306238801107,0.07444209154585438,0.1752728457403486,0.2682847369278384,0.35087147743932234
68,0.12754520280175924,0.07411630558722919,0.17478416680241082,0.26356084052777323,0.3596676983222023
69,0.1246131291741326,0.07313894771135364,0.1713634142368464,0.26421241244502364,0.36634631047401855
70,0.1226584134223815,0.07265026877341586,0.1672910897540316,0.26404951946571104,0.3730249226258348
71,0.12086659064994298,0.07167291089754031,0.1630558722919042,0.26437530542433624,0.37970353477765106
72,0.11858608893956671,0.07053266004235217,0.1617527284574035,0.26160612477602213,0.3871966118260303
73,0.1167942661671282,0.06988108812510181,0.15882065482977684,0.2591627300863333,0.3950154748330347
74,0.11549112233262747,0.06890373024922626,0.15572568822283758,0.2567193353966444,0.4028343378400391
75,0.11402508551881414,0.06776347939403812,0.15230493565727318,0.25655644241733183,0.4090242710539176
76,0.11255904870500082,0.06646033555953738,0.15002443394689688,0.2539501547483303,0.4166802410816094
77,0.11109301189118749,0.06564587066297442,0.14546343052614433,0.2536243687897052,0.4238475321713634
78,0.10848672422218603,0.06483140576641147,0.14269424987783028,0.2534614758103926,0.4302003583645545
79,0.10588043655318456,0.0643427268284737,0.14106532008470435,0.24987783026551555,0.43850790030949666
80,0.10441439973937124,0.06303958299397296,0.13862192539501547,0.24824890047238965,0.4453494054406255
81,0.10180811207036977,0.06189933213878482,0.13715588858120215,0.24678286365857632,0.45202801759244177
82,0.10066786121518162,0.060596188304284086,0.13406092197426292,0.24433946896888745,0.4600097735787588
83,0.0990389314220557,0.05945593744909594,0.13275777813976217,0.2415702883205734,0.46685127870988763
84,0.09789868056686757,0.05880436553184558,0.12982570451213551,0.23994135852744747,0.4732041049030787
85,0.09626975077374166,0.0583156865939078,0.12787098876038444,0.23652060596188304,0.4806971819514579
86,0.09545528587717869,0.05684964978009448,0.12542759407069556,0.23635771298257044,0.48558397133083564
87,0.09366346310474019,0.056523863821469296,0.12330998533963186,0.23505456914806971,0.49112233262746374
88,0.09252321224955204,0.055872291904218926,0.12086659064994298,0.2330998533963186,0.49731226584134225
89,0.0913829613943639,0.054894934028343376,0.11842319596025411,0.22967910083075418,0.5052940218276593
90,0.09089428245642613,0.05391757615246783,0.11597980127056524,0.22837595699625346,0.5105065971656622
91,0.08926535266330021,0.05326600423521746,0.11435087147743932,0.22674702720312753,0.5160449584622903
92,0.08861378074604985,0.05294021827659228,0.1109301189118749,0.22397784655481348,0.5232122495520443
93,0.08779931584948689,0.051799967421404136,0.10783515230493566,0.22332627463756313,0.528913503827985
94,0.08633327903567356,0.051474181462778955,0.10653200847043492,0.22023130803062388,0.5351034370418635
95,0.0856817071184232,0.05131128848346636,0.10392572080143346,0.21811369929956018,0.5406417983384916
96,0.08470434924254765,0.050659716566216,0.10066786121518162,0.21501873269262095,0.5486235543248086
97,0.08388988434598468,0.050496823586903404,0.0974100016289298,0.2140413748167454,0.5538361296628115
98,0.081772275614921,0.05017103762827822,0.09675842971167943,0.2102948362925558,0.5606776347939404
99,0.08128359667698322,0.05000814464896563,0.09398924906336537,0.2081772275614921,0.5662159960905685
100,0.0796546668838573,0.04951946571102785,0.09317478416680242,0.20589672585111582,0.5714285714285714
101,0.07867730900798175,0.04886789379377749,0.09089428245642613,0.20377911712005212,0.5774556116631373
102,0.07753705815279362,0.04805342889721453,0.08779931584948689,0.20329043818211434,0.5829939729597654
103,0.07672259325623065,0.04723896400065157,0.08600749307704839,0.20133572243036324,0.5883694412770809
104,0.0759081283596677,0.04707607102133898,0.08486724222186023,0.1969376119889233,0.5948851604495846
105,0.07525655644241733,0.04691317804202639,0.08323831242873432,0.19384264538198404,0.6004235217462127
106,0.07493077048379215,0.046424499104088614,0.08079491773904544,0.19091057175435738,0.6066134549600912
107,0.0739534126079166,0.04626160612477602,0.07721127219416843,0.1904218928164196,0.6118260302980941
108,0.07330184069066623,0.045772927186838244,0.07509366346310474,0.1884671770646685,0.6170386056360971
109,0.07297605473204105,0.045284248248900476,0.07460498452516696,0.18520931747841668,0.6215996090568496
110,0.07265026877341586,0.045284248248900476,0.07183580387685291,0.18358038768529075,0.6263235054569148
111,0.0719986968561655,0.04495846229027529,0.07020687408372699,0.18211435087147743,0.6303958299397296
112,0.07134712493891514,0.04398110441439974,0.06955530216647662,0.18015963511972635,0.6346310474018569
113,0.07053266004235217,0.04398110441439974,0.06857794429060107,0.17559863169897377,0.640983873595048
114,0.06971819514578921,0.04381821143508715,0.06711190747678775,0.1731552370092849,0.6458706629744259
115,0.06922951620785144,0.04381821143508715,0.06548297768366183,0.17038605636097084,0.6507574523538036
116,0.06906662322853885,0.043329532497149374,0.06385404789053592,0.16810555465059457,0.6553184557745562
117,0.0682521583319759,0.04316663951783678,0.06287669001466037,0.16598794591953087,0.6593907802573709
118,0.06760058641472552,0.04300374653852419,0.061736439159472224,0.16484769506434271,0.6624857468643102
119,0.06678612151816257,0.042677960579899005,0.06124776022153445,0.16224140739534126,0.6667209643264376
120,0.0662974425802248,0.04218928164196123,0.06075908128359668,0.15865776185046424,0.6717706466851279
121,0.06597165662159961,0.04186349568333605,0.05880436553184558,0.1552370092848998,0.6777976869196938
122,0.06580876364228702,0.041700602704023454,0.05750122169734485,0.15214204267796058,0.6825215833197589
123,0.06564587066297442,0.04137481674539827,0.05603518488353152,0.15002443394689688,0.6865939078025737
124,0.06532008470434925,0.04137481674539827,0.0544062550904056,0.1479068252158332,0.6906662322853885
125,0.06515719172503665,0.04121192376608568,0.053591790193842644,0.14611500244339468,0.6935983059130152
126,0.06483140576641147,0.04121192376608568,0.05310311125590487,0.1441602866916436,0.6963674865613292
127,0.06466851278709887,0.04121192376608568,0.05163707444209155,0.14302003583645545,0.6991366672096433
128,0.06401694086984851,0.04121192376608568,0.050659716566216,0.14139110604332952,0.7023945267958951
129,0.06336536895259814,0.04104903078677309,0.050659716566216,0.13976217625020362,0.704837921485584
130,0.06336536895259814,0.0408861378074605,0.04886789379377749,0.13748167453982732,0.7090731389477114
131,0.06320247597328556,0.0408861378074605,0.047727642938589346,0.1342238149535755,0.7136341423684639
132,0.06320247597328556,0.040234565890210135,0.04707607102133898,0.1325948851604496,0.7165662159960906
133,0.06320247597328556,0.039908779931584946,0.04561003420752566,0.13015149047076072,0.7208014334582179
134,0.06320247597328556,0.03974588695227236,0.04446978335233751,0.1285225606776348,0.7237335070858446
135,0.06206222511809741,0.03974588695227236,0.0447955693109627,0.12754520280175924,0.7255253298582831
136,0.06206222511809741,0.03942010099364717,0.044306890373024925,0.1262420589672585,0.7276429385893468
137,0.06206222511809741,0.03942010099364717,0.042677960579899005,0.12330998533963186,0.7322039420100994
138,0.06189933213878482,0.03942010099364717,0.041700602704023454,0.12119237660856817,0.7354618015963512
139,0.061736439159472224,0.039257208014334584,0.04072324482814791,0.11988923277406743,0.7380680892653526
140,0.06108486724222186,0.039257208014334584,0.04039745886952272,0.11777162404300374,0.7411630558722919
141,0.060596188304284086,0.03909431503502199,0.040234565890210135,0.1150024433946897,0.7447467014171689
142,0.06043329532497149,0.038931422055709396,0.03827985013845903,0.11483955041537709,0.7471900961068578
143,0.06043329532497149,0.038931422055709396,0.03632513438670793,0.11369929956018895,0.750285062713797
144,0.05994461638703372,0.038931422055709396,0.035510669490144975,0.11288483466362599,0.7524026714448607
145,0.059618830428408535,0.03876852907639681,0.034533311614269424,0.1109301189118749,0.7558234240104251
146,0.059293044469783354,0.038605636097084214,0.03420752565564424,0.10816093826356084,0.7594070695553021
147,0.058967258511158166,0.03811695715914644,0.03355595373839387,0.10604332953249715,0.7629907151001791
148,0.0584785795732204,0.03811695715914644,0.032415702883205735,0.10457729271868382,0.7660856817071184
149,0.05815279361459521,0.03795406417983385,0.03208991692458055,0.10359993484280827,0.7678775044795569
150,0.057664114676657434,0.03795406417983385,0.03160123798664278,0.10197100504968236,0.7704837921485584
151,0.05733832871803225,0.03795406417983385,0.030460987131454634,0.09985339631861867,0.7740674376934354
152,0.05701254275940707,0.03795406417983385,0.0291578432969539,0.0993647173806809,0.7761850464244991
153,0.05684964978009448,0.03795406417983385,0.02801759244176576,0.09789868056686757,0.7789542270728131
154,0.05684964978009448,0.03779117120052126,0.0272031275452028,0.09594396481511647,0.7818863007004399
155,0.05684964978009448,0.037628278221208664,0.026551555627952434,0.093337677146115,0.7853070532660043
156,0.05668675680078188,0.037628278221208664,0.026225769669327253,0.0913829613943639,0.7877504479556932
157,0.05603518488353152,0.037465385241896076,0.02606287669001466,0.08926535266330021,0.7908454145626324
158,0.05603518488353152,0.037465385241896076,0.025737090731389477,0.08649617201498615,0.7939403811695716
159,0.05603518488353152,0.03713959928327089,0.02508551881413911,0.08535592115979801,0.7960579899006353
160,0.05603518488353152,0.0369767063039583,0.02378237497963838,0.08454145626323506,0.7983384916110116
161,0.055546505945593745,0.0369767063039583,0.023293696041700604,0.08226095455285877,0.8015963511972634
162,0.05538361296628115,0.0369767063039583,0.022642124124450238,0.08046913178042027,0.8042026388662649
163,0.05538361296628115,0.03681381332464571,0.02199055220719987,0.07867730900798175,0.8068089265352664
164,0.055220719986968564,0.03665092034533311,0.021664766248574687,0.07753705815279362,0.8086007493077049
165,0.055220719986968564,0.03665092034533311,0.02117608731063691,0.07672259325623065,0.8099038931422056
166,0.055220719986968564,0.03665092034533311,0.020524515393386546,0.07558234240104252,0.8116957159146441
167,0.055220719986968564,0.03665092034533311,0.02003583645544877,0.0739534126079166,0.8138133246457078
168,0.05505782700765597,0.036488027366020526,0.019221371558885814,0.07330184069066623,0.8156051474181463
169,0.054569148069718194,0.03599934842808275,0.019710050496823586,0.07232448281479069,0.8170711842319596
170,0.0544062550904056,0.03599934842808275,0.019384264538198404,0.07085844600097736,0.8190258999837107
171,0.0544062550904056,0.03599934842808275,0.018732692620948038,0.06988108812510181,0.8206548297768366
172,0.0544062550904056,0.03599934842808275,0.018406906662322853,0.06760058641472552,0.8232611174458381
173,0.0544062550904056,0.03599934842808275,0.017755334745072487,0.06711190747678775,0.8244013683010262
174,0.0544062550904056,0.03599934842808275,0.01710376282782212,0.06597165662159961,0.8261931910734648
175,0.0544062550904056,0.03599934842808275,0.01628929793125916,0.06466851278709887,0.8283107998045284
176,0.0544062550904056,0.03599934842808275,0.015637726014008795,0.0643427268284737,0.829288157680404
177,0.05424336211109301,0.03599934842808275,0.015637726014008795,0.062388011076722594,0.8314057664114677
178,0.05408046913178042,0.035836455448770156,0.01498615409675843,0.06141065320084704,0.8333604821632188
179,0.05408046913178042,0.03567356246945757,0.014497475158820656,0.060596188304284086,0.8348265189770321
180,0.05408046913178042,0.03567356246945757,0.013845903241570288,0.060270402345658905,0.8358038768529077
181,0.05391757615246783,0.03567356246945757,0.013845903241570288,0.059293044469783354,0.8369441277080958
182,0.05391757615246783,0.03567356246945757,0.013520117282945105,0.05815279361459521,0.8384101645219091
183,0.05391757615246783,0.03567356246945757,0.01303143834500733,0.05717543573871966,0.8398762013357224
184,0.053428897214530056,0.03567356246945757,0.013520117282945105,0.056523863821469296,0.8405277732529728
185,0.05326600423521746,0.03567356246945757,0.013194331324319922,0.05538361296628115,0.8421567030460987
186,0.05326600423521746,0.03567356246945757,0.013194331324319922,0.0544062550904056,0.8431340609219743
187,0.05326600423521746,0.03534777651083238,0.012542759407069556,0.05375468317315524,0.8447629907151002
188,0.05326600423521746,0.03534777651083238,0.012379866427756963,0.05261443231796709,0.8460661345496009
189,0.05326600423521746,0.03534777651083238,0.012216973448444373,0.05098550252484118,0.8478579573220394
190,0.05326600423521746,0.03534777651083238,0.01205408046913178,0.04903078677309008,0.8499755660531031
191,0.05326600423521746,0.03534777651083238,0.011728294510506597,0.047727642938589346,0.851604495846229
192,0.05326600423521746,0.035184883531519794,0.011076722593256231,0.04789053591790194,0.8522560677634794
193,0.05310311125590487,0.035184883531519794,0.010588043655318456,0.046750285062713795,0.8540478905359179
194,0.05310311125590487,0.035184883531519794,0.010425150676005863,0.04561003420752566,0.8553510343704186
195,0.05310311125590487,0.035184883531519794,0.010262257696693273,0.044632676331650106,0.8564912852256068
196,0.05310311125590487,0.0350219905522072,0.00993647173806809,0.04381821143508715,0.8577944290601075
197,0.05310311125590487,0.034859097572894605,0.009447792800130314,0.04381821143508715,0.8584460009773579
198,0.05310311125590487,0.034859097572894605,0.009122006841505131,0.04349242547646196,0.8590975728946082
199,0.05310311125590487,0.034859097572894605,0.009122006841505131,0.04300374653852419,0.859586251832546
200,0.05294021827659228,0.034859097572894605,0.009284899820817722,0.041700602704023454,0.8608893956670467
201,0.05294021827659228,0.03469620459358202,0.009122006841505131,0.040560351848835316,0.8623554324808601
202,0.05261443231796709,0.03469620459358202,0.009284899820817722,0.039582993972959765,0.8634956833360482
203,0.052451539338654506,0.03469620459358202,0.009284899820817722,0.03795406417983385,0.8652875061084867
204,0.052451539338654506,0.03469620459358202,0.008959113862192539,0.03713959928327089,0.8664277569636749
205,0.05228864635934191,0.03469620459358202,0.008470434924254765,0.03713959928327089,0.8670793288809252
206,0.05212575338002932,0.03469620459358202,0.00814464896562958,0.035836455448770156,0.8688711516533637
207,0.05212575338002932,0.03469620459358202,0.007655970027691806,0.0350219905522072,0.8701742954878645
208,0.051474181462778955,0.03469620459358202,0.00814464896562958,0.03420752565564424,0.87115165336374
209,0.051474181462778955,0.034533311614269424,0.00814464896562958,0.032415702883205735,0.8731063691154911
210,0.051474181462778955,0.034533311614269424,0.00798175598631699,0.03127545202801759,0.8744095129499918
211,0.051474181462778955,0.034533311614269424,0.007493077048379215,0.031112559048705,0.8750610848672422
212,0.051148395504153774,0.034533311614269424,0.007655970027691806,0.030460987131454634,0.8758755497638052
213,0.051148395504153774,0.034533311614269424,0.007493077048379215,0.029320736276266492,0.8771786935983059
214,0.051148395504153774,0.034533311614269424,0.007493077048379215,0.02899495031764131,0.8775044795569311
215,0.051148395504153774,0.034533311614269424,0.007167291089754032,0.02834337840039094,0.8784818374328066
216,0.051148395504153774,0.034533311614269424,0.007167291089754032,0.02704023456589021,0.8797849812673074
217,0.051148395504153774,0.034533311614269424,0.0068415051311288486,0.026388662648639843,0.8807623391431829
218,0.051148395504153774,0.034533311614269424,0.0068415051311288486,0.025411304772764293,0.8817396970190585
219,0.051148395504153774,0.034533311614269424,0.006515719172503665,0.025411304772764293,0.8820654829776836
220,0.051148395504153774,0.034533311614269424,0.006352826193191073,0.024759732855513927,0.8828799478742466
221,0.051148395504153774,0.034533311614269424,0.006352826193191073,0.024596839876201336,0.8830428408535592
222,0.05098550252484118,0.034533311614269424,0.005864147255253299,0.024596839876201336,0.8836944127708096
223,0.05098550252484118,0.034533311614269424,0.005864147255253299,0.02378237497963838,0.8845088776673725
224,0.05098550252484118,0.03437041863495683,0.005864147255253299,0.02313080306238801,0.8853233425639355
225,0.05098550252484118,0.03437041863495683,0.005538361296628116,0.02280501710376283,0.8859749144811858
226,0.05098550252484118,0.03437041863495683,0.005538361296628116,0.021827659227887278,0.8869522723570614
227,0.05098550252484118,0.03437041863495683,0.005538361296628116,0.02117608731063691,0.8876038442743118
228,0.05098550252484118,0.03437041863495683,0.004723896400065157,0.021664766248574687,0.8879296302329369
229,0.05098550252484118,0.03420752565564424,0.004723896400065157,0.021827659227887278,0.8879296302329369
230,0.050822609545528585,0.03420752565564424,0.004561003420752566,0.021501873269262096,0.8885812021501873
231,0.050822609545528585,0.03420752565564424,0.004561003420752566,0.020687408372699136,0.8893956670467503
232,0.050822609545528585,0.03420752565564424,0.004235217462127383,0.02019872943476136,0.8902101319433132
233,0.050822609545528585,0.03420752565564424,0.00407232448281479,0.01987294347613618,0.890698810881251
234,0.050659716566216,0.03420752565564424,0.00407232448281479,0.019710050496823586,0.8910245968398762
235,0.050659716566216,0.03420752565564424,0.00407232448281479,0.01905847857957322,0.8916761687571265
236,0.050659716566216,0.03420752565564424,0.003909431503502199,0.019221371558885814,0.8916761687571265
237,0.050659716566216,0.03420752565564424,0.003909431503502199,0.018406906662322853,0.8924906336536895
238,0.050659716566216,0.03420752565564424,0.003909431503502199,0.018081120703697672,0.8928164196123147
239,0.050496823586903404,0.03420752565564424,0.00407232448281479,0.017429548786447303,0.8934679915295651
240,0.050496823586903404,0.03420752565564424,0.003583645544877016,0.01694086984850953,0.8944453494054406
241,0.05033393060759081,0.03420752565564424,0.003583645544877016,0.016615083889884346,0.8949340283433784
242,0.05033393060759081,0.03420752565564424,0.0034207525655644243,0.016615083889884346,0.895096921322691
243,0.05033393060759081,0.03420752565564424,0.0034207525655644243,0.01628929793125916,0.8954227072813161
244,0.05033393060759081,0.03420752565564424,0.0034207525655644243,0.01580061899332139,0.8959113862192539
245,0.05033393060759081,0.03420752565564424,0.0034207525655644243,0.015474833034696205,0.8962371721778791
246,0.05033393060759081,0.03420752565564424,0.0032578595862518323,0.015311940055383612,0.8965629581365043
247,0.05033393060759081,0.03420752565564424,0.0032578595862518323,0.01498615409675843,0.8968887440951295
248,0.05033393060759081,0.03420752565564424,0.0032578595862518323,0.014823261117445839,0.8970516370744421
249,0.05033393060759081,0.03420752565564424,0.0032578595862518323,0.014334582179508063,0.8975403160123798
250,0.05033393060759081,0.03420752565564424,0.003094966606939241,0.01400879622088288,0.8980289949503176
251,0.05033393060759081,0.03420752565564424,0.0029320736276266493,0.013520117282945105,0.898680566867568
252,0.05017103762827822,0.03420752565564424,0.0029320736276266493,0.013194331324319922,0.8991692458055058
253,0.05017103762827822,0.03420752565564424,0.002606287669001466,0.013194331324319922,0.8994950317641309
254,0.05017103762827822,0.03420752565564424,0.002606287669001466,0.01303143834500733,0.8996579247434435
255,0.05017103762827822,0.03420752565564424,0.002606287669001466,0.012705652386382146,0.8999837107020687
256,0.05017103762827822,0.03420752565564424,0.002606287669001466,0.012379866427756963,0.9003094966606939
257,0.05017103762827822,0.03420752565564424,0.002606287669001466,0.01205408046913178,0.9006352826193191
258,0.05017103762827822,0.03420752565564424,0.002606287669001466,0.01205408046913178,0.9006352826193191
259,0.05017103762827822,0.03420752565564424,0.002606287669001466,0.011565401531194005,0.9011239615572569
260,0.05017103762827822,0.03420752565564424,0.002606287669001466,0.010913829613943639,0.9017755334745072
261,0.05017103762827822,0.03420752565564424,0.0024433946896888744,0.010750936634631048,0.9021013194331324
262,0.05017103762827822,0.03420752565564424,0.0024433946896888744,0.010750936634631048,0.9021013194331324
263,0.05017103762827822,0.03420752565564424,0.002280501710376283,0.010262257696693273,0.9027528913503828
264,0.05017103762827822,0.03420752565564424,0.002280501710376283,0.00993647173806809,0.9030786773090079
265,0.05017103762827822,0.03420752565564424,0.002280501710376283,0.00993647173806809,0.9030786773090079
266,0.05017103762827822,0.03420752565564424,0.002280501710376283,0.009447792800130314,0.9035673562469457
267,0.05017103762827822,0.03420752565564424,0.002280501710376283,0.008959113862192539,0.9040560351848835
268,0.05017103762827822,0.03420752565564424,0.002280501710376283,0.008633327903567356,0.9043818211435087
269,0.05017103762827822,0.03420752565564424,0.0021176087310636913,0.008633327903567356,0.9045447141228213
270,0.05017103762827822,0.03420752565564424,0.0021176087310636913,0.008633327903567356,0.9045447141228213
271,0.05017103762827822,0.03420752565564424,0.0021176087310636913,0.008633327903567356,0.9045447141228213
272,0.05017103762827822,0.03420752565564424,0.0021176087310636913,0.00814464896562958,0.905033393060759
273,0.05017103762827822,0.03420752565564424,0.0019547157517510994,0.00814464896562958,0.9051962860400716
274,0.05017103762827822,0.03420752565564424,0.0019547157517510994,0.00814464896562958,0.9051962860400716
275,0.05017103762827822,0.03420752565564424,0.001791822772438508,0.00814464896562958,0.9053591790193842
276,0.05017103762827822,0.03420752565564424,0.001791822772438508,0.007493077048379215,0.9060107509366346
277,0.05017103762827822,0.03420752565564424,0.001791822772438508,0.007493077048379215,0.9060107509366346
278,0.05017103762827822,0.03420752565564424,0.001791822772438508,0.007167291089754032,0.9063365368952598
279,0.05017103762827822,0.03420752565564424,0.001791822772438508,0.00700439811044144,0.9064994298745724
280,0.05017103762827822,0.03420752565564424,0.001791822772438508,0.0068415051311288486,0.906662322853885
281,0.05017103762827822,0.03420752565564424,0.0016289297931259162,0.0068415051311288486,0.9068252158331976
282,0.05017103762827822,0.03420752565564424,0.0014660368138133247,0.0068415051311288486,0.9069881088125101
283,0.05017103762827822,0.03420752565564424,0.0014660368138133247,0.006352826193191073,0.9074767877504479
284,0.05017103762827822,0.03420752565564424,0.0014660368138133247,0.006189933213878482,0.9076396807297605
285,0.05017103762827822,0.03420752565564424,0.0014660368138133247,0.00602704023456589,0.9078025737090731
286,0.05017103762827822,0.03420752565564424,0.0014660368138133247,0.00602704023456589,0.9078025737090731
287,0.05017103762827822,0.03420752565564424,0.0014660368138133247,0.00602704023456589,0.9078025737090731
288,0.05017103762827822,0.03404463267633165,0.0014660368138133247,0.005864147255253299,0.9081283596676983
289,0.05017103762827822,0.03404463267633165,0.0014660368138133247,0.005701254275940707,0.9082912526470109
290,0.05017103762827822,0.03371884671770647,0.0014660368138133247,0.005864147255253299,0.9084541456263235
291,0.05017103762827822,0.03371884671770647,0.0014660368138133247,0.005701254275940707,0.9086170386056361
292,0.05017103762827822,0.03371884671770647,0.0014660368138133247,0.005538361296628116,0.9087799315849487
293,0.05017103762827822,0.03371884671770647,0.001303143834500733,0.005538361296628116,0.9089428245642612
294,0.05017103762827822,0.03371884671770647,0.001303143834500733,0.005375468317315524,0.9091057175435738
295,0.05017103762827822,0.03371884671770647,0.001303143834500733,0.005375468317315524,0.9091057175435738
296,0.05017103762827822,0.03371884671770647,0.001303143834500733,0.005375468317315524,0.9091057175435738
297,0.05017103762827822,0.03371884671770647,0.0011402508551881414,0.00504968235869034,0.9095943964815116
298,0.05017103762827822,0.03371884671770647,0.0011402508551881414,0.00504968235869034,0.9095943964815116
299,0.05017103762827822,0.03371884671770647,0.0011402508551881414,0.00504968235869034,0.9095943964815116
300,0.05017103762827822,0.03371884671770647,0.0011402508551881414,0.00504968235869034,0.9095943964815116
301,0.05017103762827822,0.03371884671770647,9.773578758755497E-4,0.005212575338002932,0.9095943964815116
302,0.05017103762827822,0.03371884671770647,8.144648965629581E-4,0.005212575338002932,0.9097572894608242
303,0.05017103762827822,0.03371884671770647,8.144648965629581E-4,0.005212575338002932,0.9097572894608242
304,0.05017103762827822,0.03371884671770647,8.144648965629581E-4,0.00504968235869034,0.9099201824401368
305,0.05017103762827822,0.03371884671770647,8.144648965629581E-4,0.004723896400065157,0.910245968398762
306,0.05017103762827822,0.03371884671770647,8.144648965629581E-4,0.004561003420752566,0.9104088613780746
307,0.05017103762827822,0.03371884671770647,8.144648965629581E-4,0.004561003420752566,0.9104088613780746
308,0.05017103762827822,0.03371884671770647,8.144648965629581E-4,0.004398110441439974,0.9105717543573872
309,0.05017103762827822,0.03371884671770647,8.144648965629581E-4,0.00407232448281479,0.9108975403160123
310,0.05017103762827822,0.03371884671770647,8.144648965629581E-4,0.0037465385241896073,0.9112233262746375
311,0.05017103762827822,0.03371884671770647,8.144648965629581E-4,0.0037465385241896073,0.9112233262746375
312,0.05017103762827822,0.03371884671770647,8.144648965629581E-4,0.0032578595862518323,0.9117120052125753
313,0.05017103762827822,0.03371884671770647,8.144648965629581E-4,0.003094966606939241,0.9118748981918879
314,0.05017103762827822,0.03371884671770647,8.144648965629581E-4,0.003094966606939241,0.9118748981918879
315,0.05017103762827822,0.03371884671770647,6.515719172503665E-4,0.003094966606939241,0.9120377911712005
316,0.05017103762827822,0.03371884671770647,6.515719172503665E-4,0.003094966606939241,0.9120377911712005
317,0.05017103762827822,0.03371884671770647,6.515719172503665E-4,0.0029320736276266493,0.9122006841505131
318,0.05017103762827822,0.03371884671770647,6.515719172503665E-4,0.002769180648314058,0.9123635771298257
319,0.05017103762827822,0.03371884671770647,4.886789379377749E-4,0.002769180648314058,0.9125264701091383
320,0.05017103762827822,0.03371884671770647,4.886789379377749E-4,0.002769180648314058,0.9125264701091383
321,0.05017103762827822,0.03371884671770647,4.886789379377749E-4,0.002606287669001466,0.9126893630884508
322,0.05017103762827822,0.03371884671770647,4.886789379377749E-4,0.002606287669001466,0.9126893630884508
323,0.05017103762827822,0.03371884671770647,4.886789379377749E-4,0.0024433946896888744,0.9128522560677634
324,0.05017103762827822,0.03371884671770647,3.2578595862518323E-4,0.0024433946896888744,0.913015149047076
325,0.05017103762827822,0.03371884671770647,1.6289297931259162E-4,0.002606287669001466,0.913015149047076
326,0.05017103762827822,0.03371884671770647,1.6289297931259162E-4,0.0024433946896888744,0.9131780420263886
327,0.05017103762827822,0.03371884671770647,1.6289297931259162E-4,0.002280501710376283,0.9133409350057012
328,0.05017103762827822,0.03371884671770647,1.6289297931259162E-4,0.0021176087310636913,0.9135038279850138
329,0.05017103762827822,0.03371884671770647,1.6289297931259162E-4,0.0021176087310636913,0.9135038279850138
330,0.05017103762827822,0.03371884671770647,1.6289297931259162E-4,0.0021176087310636913,0.9135038279850138
331,0.05017103762827822,0.03371884671770647,1.6289297931259162E-4,0.0021176087310636913,0.9135038279850138
332,0.05017103762827822,0.03355595373839387,1.6289297931259162E-4,0.002280501710376283,0.9135038279850138
333,0.05017103762827822,0.03355595373839387,1.6289297931259162E-4,0.0021176087310636913,0.9136667209643264
334,0.05017103762827822,0.03355595373839387,1.6289297931259162E-4,0.0021176087310636913,0.9136667209643264
335,0.05017103762827822,0.03355595373839387,1.6289297931259162E-4,0.0021176087310636913,0.9136667209643264
336,0.05017103762827822,0.03355595373839387,1.6289297931259162E-4,0.0021176087310636913,0.9136667209643264
337,0.05017103762827822,0.03355595373839387,1.6289297931259162E-4,0.0021176087310636913,0.9136667209643264
338,0.05017103762827822,0.03355595373839387,1.6289297931259162E-4,0.0019547157517510994,0.913829613943639
339,0.05017103762827822,0.03355595373839387,1.6289297931259162E-4,0.001791822772438508,0.9139925069229516
340,0.05017103762827822,0.03355595373839387,1.6289297931259162E-4,0.001791822772438508,0.9139925069229516
341,0.05017103762827822,0.03355595373839387,1.6289297931259162E-4,0.001791822772438508,0.9139925069229516
342,0.05017103762827822,0.03355595373839387,1.6289297931259162E-4,0.0016289297931259162,0.9141553999022642
343,0.05017103762827822,0.03355595373839387,1.6289297931259162E-4,0.0016289297931259162,0.9141553999022642
344,0.05017103762827822,0.03355595373839387,1.6289297931259162E-4,0.0016289297931259162,0.9141553999022642
345,0.05017103762827822,0.03355595373839387,1.6289297931259162E-4,0.0016289297931259162,0.9141553999022642
346,0.05017103762827822,0.03355595373839387,1.6289297931259162E-4,0.0016289297931259162,0.9141553999022642
347,0.05017103762827822,0.03355595373839387,1.6289297931259162E-4,0.0016289297931259162,0.9141553999022642
348,0.05017103762827822,0.03355595373839387,1.6289297931259162E-4,0.0016289297931259162,0.9141553999022642
349,0.05017103762827822,0.03355595373839387,1.6289297931259162E-4,0.0014660368138133247,0.9143182928815768
350,0.05017103762827822,0.03355595373839387,1.6289297931259162E-4,0.0014660368138133247,0.9143182928815768
351,0.05017103762827822,0.03355595373839387,1.6289297931259162E-4,0.001303143834500733,0.9144811858608894
352,0.05017103762827822,0.03355595373839387,1.6289297931259162E-4,0.001303143834500733,0.9144811858608894
353,0.05017103762827822,0.03355595373839387,1.6289297931259162E-4,0.001303143834500733,0.9144811858608894
354,0.05017103762827822,0.03355595373839387,1.6289297931259162E-4,0.001303143834500733,0.9144811858608894
355,0.05017103762827822,0.03355595373839387,1.6289297931259162E-4,0.001303143834500733,0.9144811858608894
356,0.05017103762827822,0.03355595373839387,1.6289297931259162E-4,0.001303143834500733,0.9144811858608894
357,0.05017103762827822,0.03355595373839387,1.6289297931259162E-4,0.001303143834500733,0.9144811858608894
358,0.05017103762827822,0.03355595373839387,1.6289297931259162E-4,0.001303143834500733,0.9144811858608894
359,0.05017103762827822,0.03355595373839387,1.6289297931259162E-4,0.001303143834500733,0.9144811858608894
360,0.05017103762827822,0.03355595373839387,1.6289297931259162E-4,0.001303143834500733,0.9144811858608894
361,0.05017103762827822,0.03355595373839387,1.6289297931259162E-4,0.001303143834500733,0.9144811858608894
362,0.05017103762827822,0.03355595373839387,1.6289297931259162E-4,0.001303143834500733,0.9144811858608894
363,0.05017103762827822,0.03355595373839387,1.6289297931259162E-4,0.001303143834500733,0.9144811858608894
364,0.05017103762827822,0.03355595373839387,1.6289297931259162E-4,0.001303143834500733,0.9144811858608894
365,0.05017103762827822,0.03355595373839387,1.6289297931259162E-4,0.001303143834500733,0.9144811858608894
366,0.05017103762827822,0.03355595373839387,1.6289297931259162E-4,0.001303143834500733,0.9144811858608894
367,0.05017103762827822,0.03355595373839387,1.6289297931259162E-4,0.001303143834500733,0.9144811858608894
368,0.05017103762827822,0.03355595373839387,1.6289297931259162E-4,0.001303143834500733,0.9144811858608894
369,0.05017103762827822,0.03355595373839387,1.6289297931259162E-4,0.001303143834500733,0.9144811858608894
370,0.05017103762827822,0.03355595373839387,0.0,0.0014660368138133247,0.9144811858608894
371,0.05017103762827822,0.03355595373839387,0.0,0.0014660368138133247,0.9144811858608894
372,0.05017103762827822,0.03355595373839387,0.0,0.0014660368138133247,0.9144811858608894
373,0.05017103762827822,0.03355595373839387,0.0,0.0014660368138133247,0.9144811858608894
374,0.05017103762827822,0.03355595373839387,0.0,0.001303143834500733,0.9146440788402019
375,0.05017103762827822,0.03355595373839387,0.0,0.001303143834500733,0.9146440788402019
376,0.05017103762827822,0.03355595373839387,0.0,0.001303143834500733,0.9146440788402019
377,0.05017103762827822,0.03355595373839387,0.0,0.001303143834500733,0.9146440788402019
378,0.05017103762827822,0.03355595373839387,0.0,0.001303143834500733,0.9146440788402019
379,0.05017103762827822,0.03355595373839387,0.0,0.001303143834500733,0.9146440788402019
380,0.05017103762827822,0.03355595373839387,0.0,0.001303143834500733,0.9146440788402019
381,0.05017103762827822,0.03355595373839387,0.0,0.001303143834500733,0.9146440788402019
382,0.05017103762827822,0.03355595373839387,0.0,0.001303143834500733,0.9146440788402019
383,0.05017103762827822,0.03355595373839387,0.0,0.0011402508551881414,0.9148069718195145
384,0.05017103762827822,0.03355595373839387,0.0,0.0011402508551881414,0.9148069718195145
385,0.05017103762827822,0.03355595373839387,0.0,0.0011402508551881414,0.9148069718195145
386,0.05017103762827822,0.03355595373839387,0.0,9.773578758755497E-4,0.9149698647988271
387,0.05017103762827822,0.03355595373839387,0.0,9.773578758755497E-4,0.9149698647988271
388,0.05017103762827822,0.03355595373839387,0.0,9.773578758755497E-4,0.9149698647988271
389,0.05017103762827822,0.03355595373839387,0.0,9.773578758755497E-4,0.9149698647988271
390,0.05017103762827822,0.03355595373839387,0.0,9.773578758755497E-4,0.9149698647988271
391,0.05017103762827822,0.03355595373839387,0.0,9.773578758755497E-4,0.9149698647988271
392,0.05017103762827822,0.03355595373839387,0.0,9.773578758755497E-4,0.9149698647988271
393,0.05017103762827822,0.03355595373839387,0.0,9.773578758755497E-4,0.9149698647988271
394,0.05017103762827822,0.03355595373839387,0.0,9.773578758755497E-4,0.9149698647988271
395,0.05017103762827822,0.03355595373839387,0.0,9.773578758755497E-4,0.9149698647988271
396,0.05017103762827822,0.03355595373839387,0.0,9.773578758755497E-4,0.9149698647988271
397,0.05017103762827822,0.03355595373839387,0.0,9.773578758755497E-4,0.9149698647988271
398,0.05017103762827822,0.03355595373839387,0.0,9.773578758755497E-4,0.9149698647988271
399,0.05017103762827822,0.03355595373839387,0.0,9.773578758755497E-4,0.9149698647988271
400,0.05017103762827822,0.03355595373839387,0.0,9.773578758755497E-4,0.9149698647988271
401,0.05017103762827822,0.03355595373839387,0.0,8.144648965629581E-4,0.9151327577781397
402,0.05017103762827822,0.03355595373839387,0.0,8.144648965629581E-4,0.9151327577781397
403,0.05017103762827822,0.03355595373839387,0.0,8.144648965629581E-4,0.9151327577781397
404,0.05017103762827822,0.03355595373839387,0.0,8.144648965629581E-4,0.9151327577781397
405,0.05017103762827822,0.03355595373839387,0.0,6.515719172503665E-4,0.9152956507574523
406,0.05017103762827822,0.03355595373839387,0.0,6.515719172503665E-4,0.9152956507574523
407,0.05017103762827822,0.03355595373839387,0.0,4.886789379377749E-4,0.9154585437367649
408,0.05017103762827822,0.03355595373839387,0.0,4.886789379377749E-4,0.9154585437367649
409,0.05017103762827822,0.03355595373839387,0.0,4.886789379377749E-4,0.9154585437367649
410,0.05017103762827822,0.03355595373839387,0.0,3.2578595862518323E-4,0.9156214367160775
411,0.05017103762827822,0.03355595373839387,0.0,3.2578595862518323E-4,0.9156214367160775
412,0.05017103762827822,0.03355595373839387,0.0,3.2578595862518323E-4,0.9156214367160775
413,0.05017103762827822,0.03355595373839387,0.0,3.2578595862518323E-4,0.9156214367160775
414,0.05017103762827822,0.03355595373839387,0.0,3.2578595862518323E-4,0.9156214367160775
415,0.05017103762827822,0.03355595373839387,0.0,3.2578595862518323E-4,0.9156214367160775
416,0.05017103762827822,0.03355595373839387,0.0,3.2578595862518323E-4,0.9156214367160775
417,0.05017103762827822,0.03355595373839387,0.0,3.2578595862518323E-4,0.9156214367160775
418,0.05017103762827822,0.03355595373839387,0.0,3.2578595862518323E-4,0.9156214367160775
419,0.05017103762827822,0.03355595373839387,0.0,3.2578595862518323E-4,0.9156214367160775
420,0.05017103762827822,0.03355595373839387,0.0,3.2578595862518323E-4,0.9156214367160775
421,0.05017103762827822,0.03355595373839387,0.0,3.2578595862518323E-4,0.9156214367160775
422,0.05017103762827822,0.03355595373839387,0.0,3.2578595862518323E-4,0.9156214367160775
423,0.05017103762827822,0.03355595373839387,0.0,3.2578595862518323E-4,0.9156214367160775
424,0.05017103762827822,0.03355595373839387,0.0,3.2578595862518323E-4,0.9156214367160775
425,0.05017103762827822,0.03355595373839387,0.0,3.2578595862518323E-4,0.9156214367160775
426,0.05017103762827822,0.03355595373839387,0.0,3.2578595862518323E-4,0.9156214367160775
427,0.05017103762827822,0.03355595373839387,0.0,3.2578595862518323E-4,0.9156214367160775
428,0.05017103762827822,0.03355595373839387,0.0,3.2578595862518323E-4,0.9156214367160775
429,0.05017103762827822,0.03355595373839387,0.0,3.2578595862518323E-4,0.9156214367160775
430,0.05017103762827822,0.03355595373839387,0.0,3.2578595862518323E-4,0.9156214367160775
431,0.05017103762827822,0.03355595373839387,0.0,1.6289297931259162E-4,0.9157843296953901
432,0.05017103762827822,0.03355595373839387,0.0,1.6289297931259162E-4,0.9157843296953901
433,0.05017103762827822,0.03355595373839387,0.0,1.6289297931259162E-4,0.9157843296953901
434,0.05017103762827822,0.03355595373839387,0.0,1.6289297931259162E-4,0.9157843296953901
435,0.05017103762827822,0.03355595373839387,0.0,1.6289297931259162E-4,0.9157843296953901
436,0.05017103762827822,0.03355595373839387,0.0,1.6289297931259162E-4,0.9157843296953901
437,0.05017103762827822,0.03355595373839387,0.0,1.6289297931259162E-4,0.9157843296953901
438,0.05017103762827822,0.03355595373839387,0.0,1.6289297931259162E-4,0.9157843296953901
439,0.05017103762827822,0.03355595373839387,0.0,1.6289297931259162E-4,0.9157843296953901
440,0.05017103762827822,0.03355595373839387,0.0,1.6289297931259162E-4,0.9157843296953901
441,0.05017103762827822,0.03355595373839387,0.0,1.6289297931259162E-4,0.9157843296953901
442,0.05017103762827822,0.03355595373839387,0.0,1.6289297931259162E-4,0.9157843296953901
443,0.05017103762827822,0.03355595373839387,0.0,1.6289297931259162E-4,0.9157843296953901
444,0.05017103762827822,0.03355595373839387,0.0,1.6289297931259162E-4,0.9157843296953901
445,0.05017103762827822,0.03355595373839387,0.0,1.6289297931259162E-4,0.9157843296953901
446,0.05017103762827822,0.03355595373839387,0.0,1.6289297931259162E-4,0.9157843296953901
447,0.05017103762827822,0.03355595373839387,0.0,1.6289297931259162E-4,0.9157843296953901
448,0.05017103762827822,0.03355595373839387,0.0,1.6289297931259162E-4,0.9157843296953901
449,0.05017103762827822,0.03355595373839387,0.0,1.6289297931259162E-4,0.9157843296953901
450,0.05017103762827822,0.03355595373839387,0.0,1.6289297931259162E-4,0.9157843296953901
451,0.05017103762827822,0.03355595373839387,0.0,1.6289297931259162E-4,0.9157843296953901
452,0.05017103762827822,0.03355595373839387,0.0,1.6289297931259162E-4,0.9157843296953901
453,0.05017103762827822,0.03355595373839387,0.0,1.6289297931259162E-4,0.9157843296953901
454,0.05017103762827822,0.03355595373839387,0.0,1.6289297931259162E-4,0.9157843296953901
455,0.05017103762827822,0.03355595373839387,0.0,1.6289297931259162E-4,0.9157843296953901
456,0.05017103762827822,0.03355595373839387,0.0,1.6289297931259162E-4,0.9157843296953901
457,0.05017103762827822,0.03355595373839387,0.0,1.6289297931259162E-4,0.9157843296953901
458,0.05017103762827822,0.03355595373839387,0.0,1.6289297931259162E-4,0.9157843296953901
459,0.05017103762827822,0.03355595373839387,0.0,1.6289297931259162E-4,0.9157843296953901
460,0.05017103762827822,0.03355595373839387,0.0,1.6289297931259162E-4,0.9157843296953901
461,0.05017103762827822,0.03355595373839387,0.0,1.6289297931259162E-4,0.9157843296953901
462,0.05017103762827822,0.03355595373839387,0.0,1.6289297931259162E-4,0.9157843296953901
463,0.05017103762827822,0.03355595373839387,0.0,1.6289297931259162E-4,0.9157843296953901
464,0.05017103762827822,0.03355595373839387,0.0,1.6289297931259162E-4,0.9157843296953901
465,0.05017103762827822,0.03355595373839387,0.0,1.6289297931259162E-4,0.9157843296953901
466,0.05017103762827822,0.03355595373839387,0.0,1.6289297931259162E-4,0.9157843296953901
467,0.05017103762827822,0.03355595373839387,0.0,1.6289297931259162E-4,0.9157843296953901
468,0.05017103762827822,0.03355595373839387,0.0,1.6289297931259162E-4,0.9157843296953901
469,0.05017103762827822,0.03355595373839387,0.0,1.6289297931259162E-4,0.9157843296953901
470,0.05017103762827822,0.03355595373839387,0.0,1.6289297931259162E-4,0.9157843296953901
471,0.05017103762827822,0.03355595373839387,0.0,1.6289297931259162E-4,0.9157843296953901
472,0.05017103762827822,0.03355595373839387,0.0,1.6289297931259162E-4,0.9157843296953901
473,0.05017103762827822,0.03355595373839387,0.0,1.6289297931259162E-4,0.9157843296953901
474,0.05017103762827822,0.03355595373839387,0.0,1.6289297931259162E-4,0.9157843296953901
475,0.05017103762827822,0.03355595373839387,0.0,1.6289297931259162E-4,0.9157843296953901
476,0.05017103762827822,0.03355595373839387,0.0,1.6289297931259162E-4,0.9157843296953901
477,0.05017103762827822,0.03355595373839387,0.0,1.6289297931259162E-4,0.9157843296953901
478,0.05017103762827822,0.03355595373839387,0.0,1.6289297931259162E-4,0.9157843296953901
479,0.05017103762827822,0.03355595373839387,0.0,1.6289297931259162E-4,0.9157843296953901
480,0.05017103762827822,0.03355595373839387,0.0,1.6289297931259162E-4,0.9157843296953901
481,0.05017103762827822,0.03355595373839387,0.0,1.6289297931259162E-4,0.9157843296953901
482,0.05017103762827822,0.03355595373839387,0.0,1.6289297931259162E-4,0.9157843296953901
483,0.05017103762827822,0.03355595373839387,0.0,1.6289297931259162E-4,0.9157843296953901
484,0.05017103762827822,0.03355595373839387,0.0,1.6289297931259162E-4,0.9157843296953901
485,0.05017103762827822,0.03355595373839387,0.0,1.6289297931259162E-4,0.9157843296953901
486,0.05017103762827822,0.03355595373839387,0.0,1.6289297931259162E-4,0.9157843296953901
487,0.05017103762827822,0.03355595373839387,0.0,1.6289297931259162E-4,0.9157843296953901
488,0.05017103762827822,0.03355595373839387,0.0,1.6289297931259162E-4,0.9157843296953901
489,0.05017103762827822,0.03355595373839387,0.0,1.6289297931259162E-4,0.9157843296953901
490,0.05017103762827822,0.03355595373839387,0.0,1.6289297931259162E-4,0.9157843296953901
491,0.05017103762827822,0.03355595373839387,0.0,1.6289297931259162E-4,0.9157843296953901
492,0.05017103762827822,0.03355595373839387,0.0,1.6289297931259162E-4,0.9157843296953901
493,0.05017103762827822,0.03355595373839387,0.0,1.6289297931259162E-4,0.9157843296953901
494,0.05017103762827822,0.03355595373839387,0.0,1.6289297931259162E-4,0.9157843296953901
495,0.05017103762827822,0.03355595373839387,0.0,1.6289297931259162E-4,0.9157843296953901
496,0.05017103762827822,0.03355595373839387,0.0,1.6289297931259162E-4,0.9157843296953901
497,0.05017103762827822,0.03355595373839387,0.0,1.6289297931259162E-4,0.9157843296953901
498,0.05017103762827822,0.03355595373839387,0.0,1.6289297931259162E-4,0.9157843296953901
499,0.05017103762827822,0.03355595373839387,0.0,1.6289297931259162E-4,0.9157843296953901
