0,0.695,0.3,0,0.005,0
1,0.677309007981756,0.295162078514416,0.01580061899332139,0.011402508551881414,0.0
2,0.6683498941195635,0.29467339957647826,0.02427105391757615,0.012379866427756963,0.0
3,0.6623228538849976,0.2938589346799153,0.029483629255579083,0.013845903241570288,1.6289297931259162E-4
4,0.6546668838573058,0.2932073627626649,0.03632513438670793,0.01498615409675843,4.886789379377749E-4
5,0.6488027366020525,0.29092686105228865,0.04153770972471087,0.017266655807134712,0.0011402508551881414
6,0.63984362273986,0.2878318944453494,0.049356572731715266,0.02117608731063691,0.0014660368138133247
7,0.6273008633327903,0.2839224629418472,0.05978172340772113,0.026225769669327253,0.0024433946896888744
8,0.6128033881739697,0.27903567356246944,0.07248737579410328,0.03160123798664278,0.0037465385241896073
9,0.5958625183254602,0.2761035999348428,0.08682195797361134,0.03567356246945757,0.005212575338002932
10,0.5772927186838247,0.27121681055546504,0.10343704186349569,0.040560351848835316,0.007167291089754032
11,0.5618178856491285,0.26567844925883694,0.11549112233262747,0.0485421078351523,0.00814464896562958
12,0.5486235543248086,0.26046587392083403,0.1268936308845089,0.054569148069718194,0.009122006841505131
13,0.5338002932073628,0.2534614758103926,0.13748167453982732,0.06303958299397296,0.01189118748981919
14,0.5158820654829777,0.2469457566378889,0.15197914969864798,0.07069555302166476,0.01417168920019547
15,0.49942987457240595,0.2415702883205734,0.16419612314709237,0.07721127219416843,0.017266655807134712
16,0.47988271705489494,0.23407721127219416,0.1788564912852256,0.08714774393223652,0.019710050496823586
17,0.4590324157028832,0.22593256230656458,0.1941684313406092,0.09757289460824238,0.02296791008307542
18,0.4411141879784981,0.21892816419612315,0.20687408372699137,0.1070206874083727,0.025737090731389477
19,0.4243362111093012,0.21290112396155725,0.21729923440299723,0.11483955041537709,0.030298094152142043
20,0.408861378074605,0.20557093989249065,0.22593256230656458,0.12542759407069556,0.03388173969701906
21,0.3932236520605962,0.20215018732692622,0.23472878318944454,0.12998859749144812,0.039582993972959765
22,0.38035510669490147,0.1980778628441114,0.2394526795895097,0.1379703534777651,0.04381821143508715
23,0.3678123472878319,0.19205082260954554,0.2449910408861378,0.1477439322365206,0.04707607102133898
24,0.35298908617038605,0.1865124613129174,0.25476461964489333,0.15295650757452353,0.052451539338654506
25,0.3406092197426291,0.18195145789216485,0.25965140902427103,0.15963511972633979,0.05782700765597003
26,0.3249714937286203,0.17625020361622415,0.26779605798990064,0.16663951783678124,0.06401694086984851
27,0.31568659390780257,0.17185209317478417,0.26958788076233914,0.17282945105065972,0.06971819514578921
28,0.30607590812835966,0.16843134060921974,0.27007655970027694,0.17950806320247598,0.07558234240104252
29,0.29858283107998046,0.16224140739534126,0.2704023456589021,0.18781560514741816,0.08063202475973286
30,0.287994787424662,0.15768040397458868,0.26991366672096434,0.19514578921648476,0.08893956670467502
31,0.27919856654178205,0.15458543736764946,0.2710539175761525,0.20003257859586251,0.09480371395992833
32,0.27186838247271544,0.15051311288483465,0.2687734158657762,0.20785144160286692,0.10066786121518162
33,0.2645381984036488,0.14611500244339468,0.26730737905196283,0.21485583971330835,0.10685779442906011
34,0.25606776347939403,0.14350871477439323,0.26600423521746214,0.22023130803062388,0.11386219253950154
35,0.24824890047238965,0.14057664114676657,0.2666558071347125,0.22430363251343868,0.11988923277406743
36,0.2415702883205734,0.13764456751913992,0.2651897703208992,0.2295162078514416,0.12575338002932074
37,0.2355432480860075,0.13601563772601402,0.2627463756312103,0.23228538849975566,0.13308356409838737
38,0.22707281316175273,0.13210620622251182,0.26372373350708583,0.2353803551066949,0.14139110604332952
39,0.2216973448444372,0.1283596676983222,0.2625834826518977,0.23880110767225932,0.14823261117445838
40,0.21567030460987133,0.12493891513275777,0.26225769669327254,0.24303632513438672,0.1537709724710865
41,0.20964326437530542,0.12282130640169409,0.25981430200358363,0.24661997067926372,0.16077537058152794
42,0.20475647499592767,0.11988923277406743,0.2570451213552696,0.2502036162241407,0.16777976869196937
43,0.19954389965792474,0.11646848020850302,0.2542759407069555,0.2550904056035185,0.17429548786447305
44,0.1948200032578596,0.11369929956018895,0.24938915132757777,0.2607916598794592,0.1809741000162893
45,0.18944453494054406,0.1109301189118749,0.24824890047238965,0.26225769669327254,0.1887929630232937
46,0.18537221045772928,0.10734647336699789,0.24433946896888745,0.26600423521746214,0.1966118260302981
47,0.18032252809903893,0.1050659716566216,0.2431992181136993,0.2669815930933377,0.20410490307867732
48,0.1749470597817234,0.10180811207036977,0.24059293044469784,0.26926209480371394,0.21306401694086985
49,0.17168920019547157,0.10017918227724384,0.23684639192050821,0.26942498778302654,0.2215344518651246
50,0.16875712656784492,0.09773578758755498,0.23228538849975566,0.27121681055546504,0.22967910083075418
51,0.16468480208503014,0.09464082098061574,0.23049356572731716,0.2710539175761525,0.23880110767225932
52,0.159146440788402,0.09350057012542759,0.2313080306238801,0.2686105228864636,0.2471086496172015
53,0.15572568822283758,0.0913829613943639,0.22528099038931423,0.2710539175761525,0.25623065645870663
54,0.1518162567193354,0.08975403160123799,0.22137155888581203,0.27333441928652874,0.2633979475484607
55,0.14920996905033393,0.08698485095292392,0.2179508063202476,0.2761035999348428,0.26942498778302654
56,0.14546343052614433,0.0856817071184232,0.21485583971330835,0.27496334907965464,0.2787098876038443
57,0.14285714285714285,0.08356409838735951,0.20850301352011727,0.2783841016452191,0.2863658576315361
58,0.1402508551881414,0.08193516859423358,0.20491936797524027,0.27936145952109465,0.2932073627626649
59,0.1381332464570777,0.08144648965629582,0.20149861540967584,0.2761035999348428,0.30249226258348266
60,0.13503827985013847,0.08079491773904544,0.19824075582342401,0.2767551718520932,0.3088450887766737
61,0.13324645707769994,0.0799804528424825,0.19514578921648476,0.27366020524515394,0.3176413096595537
62,0.13112884834663627,0.07802573709073139,0.19172503665092033,0.27154259651409024,0.3272519954389966
63,0.12949991855351034,0.07753705815279362,0.18748981918879296,0.2704023456589021,0.3347450724873758
64,0.12787098876038444,0.07721127219416843,0.18374328066460335,0.2682847369278384,0.3425639354943802
65,0.1265678449258837,0.07607102133898029,0.17934517022316337,0.26567844925883694,0.3520117282945105
66,0.12526470109138296,0.07460498452516696,0.175109952761036,0.26616712819677474,0.35852744746701415
67,0.12282130640169409,0.07265026877341586,0.17234077211272195,0.2666558071347125,0.3652060596188304
68,0.12086659064994298,0.07183580387685291,0.16794266167128197,0.26795895096921324,0.3710702068740837
69,0.11907476787750448,0.07085844600097736,0.16582505294021826,0.2651897703208992,0.3787261769017755
70,0.11712005212575338,0.06955530216647662,0.163544551229842,0.26404951946571104,0.38540478905359177
71,0.1150024433946897,0.06760058641472552,0.16012379866427756,0.264863984362274,0.392083401205408
72,0.11435087147743932,0.06694901449747516,0.15572568822283758,0.26014008796220883,0.40250855188141393
73,0.11321062062225118,0.0661345496009122,0.15214204267796058,0.25965140902427103,0.4085355921159798
74,0.11239615572568823,0.06499429874572406,0.1496986479882717,0.2589998371070207,0.41358527447467014
75,0.11044143997393713,0.06450561980778628,0.14806971819514578,0.2555790845414563,0.42107835152304934
76,0.1089754031601238,0.06385404789053592,0.14562632350545693,0.25264701091382963,0.42857142857142855
77,0.10669490144974751,0.06369115491122333,0.14253135689851767,0.2508551881413911,0.4359016126404952
78,0.10571754357387196,0.06287669001466037,0.1382961394363903,0.2505294021827659,0.44225443883368626
79,0.10392572080143346,0.06222511809741,0.1361785307053266,0.24890047238964,0.44844437204756477
80,0.10245968398762013,0.06206222511809741,0.13373513601563772,0.24547971982407557,0.45593744909594397
81,0.10083075419449422,0.06141065320084704,0.13145463430526144,0.2433621110930119,0.4626160612477602
82,0.10017918227724384,0.06092197426290927,0.12738230982244667,0.2431992181136993,0.4679915295650757
83,0.09952761035999348,0.060270402345658905,0.12396155725688222,0.24108160938263562,0.4748330346962046
84,0.09838735950480534,0.05945593744909594,0.12119237660856817,0.23863821469294674,0.48200032578595864
85,0.0974100016289298,0.058967258511158166,0.11760873106369116,0.23684639192050821,0.4888418309170875
86,0.09496660693924092,0.0583156865939078,0.11532822935331487,0.23652060596188304,0.4945430851930282
87,0.09431503502199055,0.05798990063528262,0.11337351360156377,0.23456589021013194,0.49942987457240595
88,0.09301189118748981,0.05733832871803225,0.11190747678775045,0.2317967095618179,0.5056198077862845
89,0.09219742629092686,0.05684964978009448,0.10864961720149861,0.2314709236031927,0.5105065971656622
90,0.09105717543573871,0.0563609708421567,0.10718358038768529,0.22821306401694086,0.5168594233588533
91,0.08991692458055058,0.055546505945593745,0.1050659716566216,0.2256067763479394,0.5235380355106695
92,0.08796220882879947,0.054894934028343376,0.1032741488841831,0.22316338165825053,0.5303795406417984
93,0.08731063691154911,0.05408046913178042,0.10083075419449422,0.22316338165825053,0.5342889721453006
94,0.08551881413911061,0.053591790193842644,0.10017918227724384,0.2197426290926861,0.5406417983384916
95,0.08340120540804691,0.05310311125590487,0.09789868056686757,0.21843948525818538,0.5468317315523701
96,0.08209806157354618,0.05277732529727969,0.09626975077374166,0.21697344844437205,0.5515556279524353
97,0.08112070369767063,0.05228864635934191,0.09512949991855352,0.21453005375468318,0.5566053103111256
98,0.08046913178042027,0.05228864635934191,0.09236031927023945,0.21143508714774392,0.5631210294836293
99,0.0796546668838573,0.051799967421404136,0.09056849649780095,0.20899169245805505,0.5686593907802574
100,0.07900309496660694,0.05163707444209155,0.08845088776673725,0.20557093989249065,0.5750122169734484
101,0.07884020198729434,0.05131128848346636,0.0856817071184232,0.20345333116142694,0.580387685290764
102,0.07835152304935657,0.051148395504153774,0.08388988434598468,0.20166150838898844,0.5846229027528913
103,0.0776999511321062,0.050659716566216,0.08307541944942173,0.2006841505131129,0.587554976380518
104,0.07672259325623065,0.050496823586903404,0.08144648965629582,0.1980778628441114,0.5929304446978335
105,0.07639680729760548,0.05000814464896563,0.07851441602866917,0.1964489330509855,0.598305913015149
106,0.07623391431829288,0.04951946571102785,0.07704837921485584,0.1941684313406092,0.602704023456589
107,0.07525655644241733,0.049356572731715266,0.07509366346310474,0.1925395015474833,0.6074279198566542
108,0.07476787750447955,0.049356572731715266,0.07297605473204105,0.18977032089916926,0.6128033881739697
109,0.0739534126079166,0.0485421078351523,0.07183580387685291,0.18586088939566706,0.6194820003257859
110,0.07346473366997883,0.04805342889721453,0.06955530216647662,0.18341749470597818,0.6251832546017266
111,0.07313894771135364,0.04756474995927676,0.06776347939403812,0.18064831405766413,0.6305587229190421
112,0.07265026877341586,0.04707607102133898,0.0662974425802248,0.1791822772438508,0.6344681544225443
113,0.07248737579410328,0.04707607102133898,0.06499429874572406,0.17641309659553672,0.6387033718846717
114,0.07216158983547809,0.04658739208340121,0.06336536895259814,0.1749470597817234,0.642612803388174
115,0.07216158983547809,0.04609871314546343,0.06255090405603518,0.17201498615409677,0.6468480208503014
116,0.07216158983547809,0.04593582016615084,0.06075908128359668,0.16843134060921974,0.6523863821469295
117,0.0719986968561655,0.04544714122821306,0.05880436553184558,0.1672910897540316,0.6561329206711191
118,0.07167291089754031,0.045284248248900476,0.056198077862844115,0.16631373187815604,0.6602052451539339
119,0.07118423195960254,0.045284248248900476,0.05505782700765597,0.16321876527121681,0.6649291415539991
120,0.07102133898028995,0.04512135526958788,0.05408046913178042,0.1615898354780909,0.6678612151816257
121,0.07085844600097736,0.04495846229027529,0.05261443231796709,0.15898354780908944,0.6722593256230657
122,0.07053266004235217,0.04495846229027529,0.051799967421404136,0.15686593907802573,0.6755171852093175
123,0.07036976706303959,0.044632676331650106,0.05017103762827822,0.15393386545039908,0.6805668675680078
124,0.07036976706303959,0.044632676331650106,0.04903078677309008,0.15051311288483465,0.6851278709887604
125,0.06988108812510181,0.04414399739371233,0.047727642938589346,0.1496986479882717,0.6882228375956996
126,0.06922951620785144,0.04398110441439974,0.04691317804202639,0.14855839713308355,0.6909920182440137
127,0.0682521583319759,0.043655318455774555,0.046750285062713795,0.14562632350545693,0.6953901286854537
128,0.06760058641472552,0.04349242547646196,0.04561003420752566,0.14318292881576805,0.6997882391268936
129,0.06711190747678775,0.04349242547646196,0.044632676331650106,0.14057664114676657,0.7038605636097084
130,0.06694901449747516,0.04316663951783678,0.043655318455774555,0.13845903241570287,0.7074442091545854
131,0.06694901449747516,0.04300374653852419,0.04300374653852419,0.13568985176738882,0.7110278546994625
132,0.06662322853884997,0.04251506760058642,0.04186349568333605,0.13503827985013847,0.7136341423684639
133,0.06662322853884997,0.04235217462127382,0.04072324482814791,0.13373513601563772,0.7162404300374654
134,0.06646033555953738,0.04202638866264864,0.039908779931584946,0.132431992181137,0.7188467177064668
135,0.06646033555953738,0.041700602704023454,0.039582993972959765,0.12982570451213551,0.7221045772927187
136,0.06580876364228702,0.041700602704023454,0.038931422055709396,0.12819677471900962,0.7250366509203453
137,0.06515719172503665,0.04137481674539827,0.038605636097084214,0.1267307379051963,0.7278058315686594
138,0.06499429874572406,0.04121192376608568,0.03795406417983385,0.12559048705000814,0.7299234402997231
139,0.06466851278709887,0.04104903078677309,0.03713959928327089,0.12379866427756964,0.7330184069066623
140,0.0643427268284737,0.0408861378074605,0.036488027366020526,0.12037791171200521,0.7375794103274149
141,0.0641798338491611,0.04072324482814791,0.0350219905522072,0.11891187489819188,0.7408372699136667
142,0.06401694086984851,0.040560351848835316,0.03437041863495683,0.11793451702231633,0.7427919856654178
143,0.06385404789053592,0.040560351848835316,0.03371884671770647,0.11630558722919042,0.7452353803551067
144,0.06352826193191073,0.04039745886952272,0.03274148884183092,0.1150024433946897,0.7480045610034207
145,0.06352826193191073,0.040234565890210135,0.031764130965955366,0.11369929956018895,0.7504479556931096
146,0.06320247597328556,0.039908779931584946,0.030623880110767224,0.11255904870500082,0.7533800293207362
147,0.06287669001466037,0.039908779931584946,0.030298094152142043,0.10913829613943639,0.757452353803551
148,0.06287669001466037,0.039908779931584946,0.029809415214204268,0.10653200847043492,0.7605473204104903
149,0.06271379703534778,0.039908779931584946,0.028669164359016126,0.10474018569799641,0.7636422870174295
150,0.06271379703534778,0.039908779931584946,0.02801759244176576,0.10229679100830755,0.7667372536243688
151,0.062388011076722594,0.03974588695227236,0.02818048542107835,0.10066786121518162,0.7686919693761199
152,0.062388011076722594,0.039582993972959765,0.027691806483140576,0.09871314546343053,0.7712982570451213
153,0.06222511809741,0.039582993972959765,0.026551555627952434,0.09675842971167943,0.7745561166313731
154,0.06189933213878482,0.039582993972959765,0.026388662648639843,0.09545528587717869,0.7763479394038117
155,0.06189933213878482,0.039582993972959765,0.02508551881413911,0.09447792800130314,0.7786284411141879
156,0.061736439159472224,0.039582993972959765,0.02427105391757615,0.09284899820817723,0.7812347287831894
157,0.061736439159472224,0.039582993972959765,0.023293696041700604,0.09024271053917576,0.7848183743280664
158,0.06157354618015964,0.03942010099364717,0.022316338165825053,0.08910245968398763,0.7872617690177554
159,0.06108486724222186,0.039257208014334584,0.022316338165825053,0.08698485095292392,0.7900309496660693
160,0.06092197426290927,0.039257208014334584,0.021827659227887278,0.08551881413911061,0.792148558397133
161,0.06092197426290927,0.039257208014334584,0.021664766248574687,0.0837269913666721,0.7941032741488842
162,0.06075908128359668,0.03909431503502199,0.02117608731063691,0.08356409838735951,0.7950806320247598
163,0.06075908128359668,0.03909431503502199,0.02101319433132432,0.08144648965629582,0.7973611337351361
164,0.060596188304284086,0.03876852907639681,0.020524515393386546,0.0796546668838573,0.8001303143834501
165,0.06043329532497149,0.03876852907639681,0.020361622414073955,0.07900309496660694,0.8011076722593257
166,0.06043329532497149,0.03876852907639681,0.02003583645544877,0.07786284411141879,0.802573709073139
167,0.06043329532497149,0.038605636097084214,0.02003583645544877,0.07672259325623065,0.8038768529076397
168,0.06043329532497149,0.038605636097084214,0.019710050496823586,0.07493077048379215,0.8059944616387034
169,0.06043329532497149,0.038605636097084214,0.01889558560026063,0.073790519628604,0.8079491773904545
170,0.06043329532497149,0.03844274311777163,0.018732692620948038,0.07265026877341586,0.8094152142042678
171,0.06043329532497149,0.03844274311777163,0.018244013683010263,0.07216158983547809,0.8103925720801434
172,0.06043329532497149,0.03844274311777163,0.017429548786447303,0.07134712493891514,0.8120215018732693
173,0.06043329532497149,0.03844274311777163,0.017429548786447303,0.06874083726991366,0.8146277895422708
174,0.06043329532497149,0.03844274311777163,0.016615083889884346,0.06760058641472552,0.8165825052940219
175,0.06043329532497149,0.03827985013845903,0.01628929793125916,0.06727480045610035,0.8173969701905848
176,0.06043329532497149,0.03795406417983385,0.015474833034696205,0.06678612151816257,0.8190258999837107
177,0.06043329532497149,0.03779117120052126,0.015311940055383612,0.06548297768366183,0.8206548297768366
178,0.06043329532497149,0.03779117120052126,0.015149047076071022,0.06450561980778628,0.8217950806320248
179,0.060270402345658905,0.03779117120052126,0.014823261117445839,0.06271379703534778,0.8240755823424011
180,0.060270402345658905,0.03779117120052126,0.014497475158820656,0.06206222511809741,0.8250529402182766
181,0.060270402345658905,0.03779117120052126,0.013520117282945105,0.06108486724222186,0.8270076559700277
182,0.06010750936634631,0.037628278221208664,0.013357224303632514,0.060596188304284086,0.8279850138459033
183,0.06010750936634631,0.037628278221208664,0.012379866427756963,0.060270402345658905,0.829288157680404
184,0.05994461638703372,0.037628278221208664,0.012379866427756963,0.058967258511158166,0.8307541944942173
185,0.05978172340772113,0.037628278221208664,0.011728294510506597,0.0584785795732204,0.832057338328718
186,0.05945593744909594,0.037628278221208664,0.011402508551881414,0.057664114676657434,0.8335233751425314
187,0.059293044469783354,0.037628278221208664,0.010913829613943639,0.056198077862844115,0.8356409838735951
188,0.059293044469783354,0.037628278221208664,0.010913829613943639,0.05505782700765597,0.8367812347287832
189,0.059293044469783354,0.037628278221208664,0.010588043655318456,0.053591790193842644,0.8385730575012217
190,0.05913015149047076,0.037628278221208664,0.010750936634631048,0.052451539338654506,0.8397133083564099
191,0.058967258511158166,0.037628278221208664,0.010588043655318456,0.050822609545528585,0.8416680241081609
192,0.05880436553184558,0.037465385241896076,0.010425150676005863,0.050659716566216,0.8423195960254113
193,0.05880436553184558,0.03730249226258348,0.00993647173806809,0.04968235869034045,0.8439485258185372
194,0.0584785795732204,0.03713959928327089,0.01009936471738068,0.04919367975240267,0.8447629907151002
195,0.0584785795732204,0.03713959928327089,0.00993647173806809,0.048379214855839715,0.8457403485909757
196,0.0583156865939078,0.03713959928327089,0.009773578758755497,0.04789053591790194,0.8465548134875387
197,0.05798990063528262,0.03713959928327089,0.009284899820817722,0.04756474995927676,0.8476950643427268
198,0.057664114676657434,0.03713959928327089,0.009122006841505131,0.047727642938589346,0.848020850301352
199,0.05750122169734485,0.03713959928327089,0.008796220882879948,0.04756474995927676,0.8486724222186024
200,0.05733832871803225,0.03713959928327089,0.008470434924254765,0.04691317804202639,0.8498126730737905
201,0.05717543573871966,0.03713959928327089,0.008633327903567356,0.04593582016615084,0.8507900309496661
202,0.05717543573871966,0.0369767063039583,0.007818863007004398,0.04512135526958788,0.8525818537221046
203,0.05717543573871966,0.0369767063039583,0.007655970027691806,0.0447955693109627,0.8530705326600424
204,0.05701254275940707,0.0369767063039583,0.007330184069066623,0.04381821143508715,0.8545365694738557
205,0.05668675680078188,0.03681381332464571,0.007655970027691806,0.0428408535592116,0.8556768203290438
206,0.056523863821469296,0.03665092034533311,0.007655970027691806,0.04186349568333605,0.8569799641635446
207,0.056523863821469296,0.03665092034533311,0.007493077048379215,0.0408861378074605,0.8581202150187327
208,0.0563609708421567,0.03665092034533311,0.007655970027691806,0.039582993972959765,0.8594233588532334
209,0.0563609708421567,0.03665092034533311,0.007330184069066623,0.038931422055709396,0.860400716729109
210,0.0563609708421567,0.036488027366020526,0.007167291089754032,0.038605636097084214,0.8610522886463593
211,0.056198077862844115,0.036488027366020526,0.0068415051311288486,0.03876852907639681,0.8613780746049845
212,0.056198077862844115,0.036488027366020526,0.006515719172503665,0.03795406417983385,0.8625183254601727
213,0.056198077862844115,0.036488027366020526,0.006352826193191073,0.037465385241896076,0.863169897377423
214,0.056198077862844115,0.03632513438670793,0.00602704023456589,0.037628278221208664,0.8634956833360482
215,0.05603518488353152,0.03632513438670793,0.00602704023456589,0.036488027366020526,0.8647988271705489
216,0.05603518488353152,0.036162241407395344,0.005864147255253299,0.035510669490144975,0.8661019710050497
217,0.055872291904218926,0.036162241407395344,0.005701254275940707,0.035184883531519794,0.8667535429223
218,0.055872291904218926,0.03599934842808275,0.005375468317315524,0.034533311614269424,0.8678937937774882
219,0.055872291904218926,0.03599934842808275,0.005375468317315524,0.03388173969701906,0.8685453656947385
220,0.05570939892490634,0.03599934842808275,0.005212575338002932,0.03290438182114351,0.8698485095292393
221,0.05570939892490634,0.035836455448770156,0.00504968235869034,0.0330672748004561,0.8700114025085519
222,0.05570939892490634,0.035836455448770156,0.00504968235869034,0.03208991692458055,0.8709887603844274
223,0.055546505945593745,0.035836455448770156,0.00504968235869034,0.03225280990389314,0.8709887603844274
224,0.055546505945593745,0.035836455448770156,0.004886789379377749,0.03192702394526796,0.8714774393223652
225,0.055546505945593745,0.035836455448770156,0.004723896400065157,0.031438345007330185,0.8721290112396156
226,0.055546505945593745,0.035836455448770156,0.004398110441439974,0.031112559048705,0.8727805831568659
227,0.055546505945593745,0.035836455448770156,0.004235217462127383,0.030135201172829452,0.8739208340120541
228,0.055546505945593745,0.035836455448770156,0.00407232448281479,0.02899495031764131,0.8752239778465548
229,0.055546505945593745,0.035836455448770156,0.003909431503502199,0.028669164359016126,0.8757126567844926
230,0.055546505945593745,0.035836455448770156,0.003583645544877016,0.02834337840039094,0.8763642287017429
231,0.055546505945593745,0.035836455448770156,0.0034207525655644243,0.02785469946245317,0.8770158006189933
232,0.055546505945593745,0.03567356246945757,0.0034207525655644243,0.02704023456589021,0.8779931584948689
233,0.055220719986968564,0.03567356246945757,0.0037465385241896073,0.025737090731389477,0.8792963023293696
234,0.05505782700765597,0.035510669490144975,0.003583645544877016,0.024922625834826517,0.8805994461638703
235,0.054894934028343376,0.035510669490144975,0.0037465385241896073,0.02378237497963838,0.8817396970190585
236,0.054894934028343376,0.035510669490144975,0.003583645544877016,0.02313080306238801,0.8825541619156214
237,0.05473204104903079,0.03534777651083238,0.0037465385241896073,0.02280501710376283,0.8830428408535592
238,0.05473204104903079,0.03534777651083238,0.003583645544877016,0.02199055220719987,0.8840201987294347
239,0.054569148069718194,0.03534777651083238,0.003583645544877016,0.021827659227887278,0.8843459846880599
240,0.054569148069718194,0.03534777651083238,0.003583645544877016,0.02101319433132432,0.8851604495846229
241,0.054569148069718194,0.03534777651083238,0.003583645544877016,0.020361622414073955,0.8858120215018732
242,0.054569148069718194,0.03534777651083238,0.003583645544877016,0.01987294347613618,0.886300700439811
243,0.0544062550904056,0.03534777651083238,0.0037465385241896073,0.019384264538198404,0.8867893793777488
244,0.0544062550904056,0.03534777651083238,0.0037465385241896073,0.018569799641635444,0.8876038442743118
245,0.0544062550904056,0.03534777651083238,0.003583645544877016,0.018406906662322853,0.8879296302329369
246,0.0544062550904056,0.03534777651083238,0.0034207525655644243,0.018081120703697672,0.8884183091708747
247,0.0544062550904056,0.03534777651083238,0.0034207525655644243,0.017266655807134712,0.8892327740674377
248,0.0544062550904056,0.03534777651083238,0.0032578595862518323,0.01694086984850953,0.8897214530053754
249,0.0544062550904056,0.035184883531519794,0.0032578595862518323,0.016777976869196937,0.8900472389640006
250,0.0544062550904056,0.035184883531519794,0.0032578595862518323,0.016777976869196937,0.8900472389640006
251,0.0544062550904056,0.035184883531519794,0.0032578595862518323,0.01596351197263398,0.8908617038605636
252,0.0544062550904056,0.035184883531519794,0.0032578595862518323,0.015637726014008795,0.8911874898191888
253,0.0544062550904056,0.035184883531519794,0.0032578595862518323,0.015311940055383612,0.891513275777814
254,0.0544062550904056,0.035184883531519794,0.0032578595862518323,0.015149047076071022,0.8916761687571265
255,0.0544062550904056,0.035184883531519794,0.003094966606939241,0.015149047076071022,0.8918390617364391
256,0.0544062550904056,0.035184883531519794,0.003094966606939241,0.014497475158820656,0.8924906336536895
257,0.0544062550904056,0.035184883531519794,0.002769180648314058,0.014334582179508063,0.8929793125916273
258,0.0544062550904056,0.035184883531519794,0.002769180648314058,0.01417168920019547,0.8931422055709399
259,0.0544062550904056,0.035184883531519794,0.002280501710376283,0.01417168920019547,0.8936308845088776
260,0.05424336211109301,0.0350219905522072,0.002280501710376283,0.013845903241570288,0.894282456426128
261,0.05424336211109301,0.0350219905522072,0.0019547157517510994,0.013357224303632514,0.895096921322691
262,0.05424336211109301,0.0350219905522072,0.0019547157517510994,0.012868545365694739,0.8955856002606287
263,0.05424336211109301,0.0350219905522072,0.001791822772438508,0.012542759407069556,0.8960742791985665
264,0.05424336211109301,0.0350219905522072,0.001791822772438508,0.012216973448444373,0.8964000651571917
265,0.05424336211109301,0.0350219905522072,0.001791822772438508,0.01189118748981919,0.8967258511158169
266,0.05424336211109301,0.0350219905522072,0.0016289297931259162,0.01205408046913178,0.8967258511158169
267,0.05408046913178042,0.0350219905522072,0.0016289297931259162,0.011728294510506597,0.8972145300537547
268,0.05408046913178042,0.0350219905522072,0.0016289297931259162,0.011402508551881414,0.8975403160123798
269,0.05408046913178042,0.0350219905522072,0.0016289297931259162,0.010913829613943639,0.8980289949503176
270,0.05408046913178042,0.0350219905522072,0.0016289297931259162,0.010425150676005863,0.8985176738882554
271,0.05391757615246783,0.0350219905522072,0.001791822772438508,0.01009936471738068,0.8988434598468806
272,0.05391757615246783,0.0350219905522072,0.0016289297931259162,0.01009936471738068,0.8990063528261932
273,0.05391757615246783,0.0350219905522072,0.0016289297931259162,0.009284899820817722,0.8998208177227561
274,0.053591790193842644,0.0350219905522072,0.0019547157517510994,0.009122006841505131,0.8999837107020687
275,0.053591790193842644,0.0350219905522072,0.0019547157517510994,0.008796220882879948,0.9003094966606939
276,0.053591790193842644,0.0350219905522072,0.001791822772438508,0.008470434924254765,0.9007981755986317
277,0.053591790193842644,0.0350219905522072,0.001791822772438508,0.007655970027691806,0.9016126404951946
278,0.053591790193842644,0.0350219905522072,0.0016289297931259162,0.007818863007004398,0.9016126404951946
279,0.053591790193842644,0.0350219905522072,0.0014660368138133247,0.007818863007004398,0.9017755334745072
280,0.053591790193842644,0.0350219905522072,0.0014660368138133247,0.007655970027691806,0.9019384264538198
281,0.053591790193842644,0.0350219905522072,0.0014660368138133247,0.007655970027691806,0.9019384264538198
282,0.053591790193842644,0.0350219905522072,0.0014660368138133247,0.007330184069066623,0.902264212412445
283,0.053591790193842644,0.0350219905522072,0.0014660368138133247,0.007167291089754032,0.9024271053917576
284,0.053591790193842644,0.0350219905522072,0.0014660368138133247,0.0068415051311288486,0.9027528913503828
285,0.053591790193842644,0.0350219905522072,0.001303143834500733,0.00700439811044144,0.9027528913503828
286,0.053591790193842644,0.0350219905522072,0.001303143834500733,0.006678612151816257,0.9030786773090079
287,0.053591790193842644,0.0350219905522072,0.0011402508551881414,0.006515719172503665,0.9034044632676331
288,0.053591790193842644,0.034859097572894605,0.0011402508551881414,0.005864147255253299,0.9042189281641961
289,0.053591790193842644,0.034859097572894605,0.0011402508551881414,0.005864147255253299,0.9042189281641961
290,0.053591790193842644,0.034859097572894605,0.0011402508551881414,0.005864147255253299,0.9042189281641961
291,0.053591790193842644,0.034859097572894605,0.0011402508551881414,0.005701254275940707,0.9043818211435087
292,0.053591790193842644,0.03469620459358202,0.0011402508551881414,0.005538361296628116,0.9047076071021339
293,0.053591790193842644,0.03469620459358202,0.0011402508551881414,0.005538361296628116,0.9047076071021339
294,0.053591790193842644,0.03469620459358202,0.0011402508551881414,0.005538361296628116,0.9047076071021339
295,0.053591790193842644,0.03469620459358202,0.0011402508551881414,0.005212575338002932,0.905033393060759
296,0.053591790193842644,0.03469620459358202,0.0011402508551881414,0.00504968235869034,0.9051962860400716
297,0.053591790193842644,0.03469620459358202,0.0011402508551881414,0.00504968235869034,0.9051962860400716
298,0.053591790193842644,0.03469620459358202,0.0011402508551881414,0.004886789379377749,0.9053591790193842
299,0.053591790193842644,0.03469620459358202,0.0011402508551881414,0.004886789379377749,0.9053591790193842
300,0.053591790193842644,0.03469620459358202,0.0011402508551881414,0.004561003420752566,0.9056849649780094
301,0.053591790193842644,0.03469620459358202,9.773578758755497E-4,0.004561003420752566,0.905847857957322
302,0.053591790193842644,0.03469620459358202,9.773578758755497E-4,0.004398110441439974,0.9060107509366346
303,0.053591790193842644,0.03469620459358202,9.773578758755497E-4,0.004398110441439974,0.9060107509366346
304,0.053591790193842644,0.03469620459358202,8.144648965629581E-4,0.004561003420752566,0.9060107509366346
305,0.053591790193842644,0.03469620459358202,6.515719172503665E-4,0.004561003420752566,0.9061736439159472
306,0.053591790193842644,0.03469620459358202,6.515719172503665E-4,0.004561003420752566,0.9061736439159472
307,0.053591790193842644,0.03469620459358202,6.515719172503665E-4,0.004561003420752566,0.9061736439159472
308,0.053591790193842644,0.03469620459358202,6.515719172503665E-4,0.004561003420752566,0.9061736439159472
309,0.053591790193842644,0.03469620459358202,6.515719172503665E-4,0.004561003420752566,0.9061736439159472
310,0.053591790193842644,0.03469620459358202,6.515719172503665E-4,0.004561003420752566,0.9061736439159472
311,0.053591790193842644,0.03469620459358202,6.515719172503665E-4,0.004561003420752566,0.9061736439159472
312,0.053591790193842644,0.03469620459358202,6.515719172503665E-4,0.004561003420752566,0.9061736439159472
313,0.053591790193842644,0.03469620459358202,6.515719172503665E-4,0.004398110441439974,0.9063365368952598
314,0.053591790193842644,0.03469620459358202,6.515719172503665E-4,0.004398110441439974,0.9063365368952598
315,0.053591790193842644,0.03469620459358202,6.515719172503665E-4,0.004398110441439974,0.9063365368952598
316,0.053591790193842644,0.03469620459358202,6.515719172503665E-4,0.00407232448281479,0.906662322853885
317,0.053591790193842644,0.03469620459358202,6.515719172503665E-4,0.003909431503502199,0.9068252158331976
318,0.053591790193842644,0.03469620459358202,6.515719172503665E-4,0.003909431503502199,0.9068252158331976
319,0.053591790193842644,0.03469620459358202,3.2578595862518323E-4,0.00407232448281479,0.9069881088125101
320,0.053591790193842644,0.03469620459358202,3.2578595862518323E-4,0.00407232448281479,0.9069881088125101
321,0.053428897214530056,0.03469620459358202,4.886789379377749E-4,0.003909431503502199,0.9071510017918227
322,0.053428897214530056,0.03469620459358202,4.886789379377749E-4,0.0037465385241896073,0.9073138947711353
323,0.053428897214530056,0.03469620459358202,4.886789379377749E-4,0.0037465385241896073,0.9073138947711353
324,0.053428897214530056,0.03469620459358202,4.886789379377749E-4,0.0034207525655644243,0.9076396807297605
325,0.053428897214530056,0.03469620459358202,3.2578595862518323E-4,0.0034207525655644243,0.9078025737090731
326,0.053428897214530056,0.03469620459358202,3.2578595862518323E-4,0.0032578595862518323,0.9079654666883857
327,0.053428897214530056,0.03469620459358202,3.2578595862518323E-4,0.003094966606939241,0.9081283596676983
328,0.053428897214530056,0.03469620459358202,3.2578595862518323E-4,0.002769180648314058,0.9084541456263235
329,0.053428897214530056,0.03469620459358202,1.6289297931259162E-4,0.0029320736276266493,0.9084541456263235
330,0.053428897214530056,0.03469620459358202,1.6289297931259162E-4,0.0029320736276266493,0.9084541456263235
331,0.053428897214530056,0.03469620459358202,1.6289297931259162E-4,0.002769180648314058,0.9086170386056361
332,0.053428897214530056,0.03469620459358202,1.6289297931259162E-4,0.002606287669001466,0.9087799315849487
333,0.053428897214530056,0.03469620459358202,1.6289297931259162E-4,0.002606287669001466,0.9087799315849487
334,0.053428897214530056,0.03469620459358202,1.6289297931259162E-4,0.0024433946896888744,0.9089428245642612
335,0.053428897214530056,0.03469620459358202,1.6289297931259162E-4,0.0024433946896888744,0.9089428245642612
336,0.053428897214530056,0.03469620459358202,0.0,0.0024433946896888744,0.9091057175435738
337,0.053428897214530056,0.034533311614269424,0.0,0.0024433946896888744,0.9092686105228864
338,0.053428897214530056,0.034533311614269424,0.0,0.0024433946896888744,0.9092686105228864
339,0.053428897214530056,0.034533311614269424,0.0,0.0021176087310636913,0.9095943964815116
340,0.053428897214530056,0.034533311614269424,0.0,0.0021176087310636913,0.9095943964815116
341,0.053428897214530056,0.034533311614269424,0.0,0.0021176087310636913,0.9095943964815116
342,0.053428897214530056,0.034533311614269424,0.0,0.0021176087310636913,0.9095943964815116
343,0.053428897214530056,0.034533311614269424,0.0,0.0021176087310636913,0.9095943964815116
344,0.053428897214530056,0.034533311614269424,0.0,0.0019547157517510994,0.9097572894608242
345,0.053428897214530056,0.034533311614269424,0.0,0.0019547157517510994,0.9097572894608242
346,0.053428897214530056,0.034533311614269424,0.0,0.0019547157517510994,0.9097572894608242
347,0.053428897214530056,0.034533311614269424,0.0,0.0019547157517510994,0.9097572894608242
348,0.053428897214530056,0.034533311614269424,0.0,0.001791822772438508,0.9099201824401368
349,0.053428897214530056,0.034533311614269424,0.0,0.001303143834500733,0.9104088613780746
350,0.053428897214530056,0.034533311614269424,0.0,0.001303143834500733,0.9104088613780746
351,0.053428897214530056,0.034533311614269424,0.0,0.001303143834500733,0.9104088613780746
352,0.053428897214530056,0.034533311614269424,0.0,0.001303143834500733,0.9104088613780746
353,0.053428897214530056,0.034533311614269424,0.0,0.0011402508551881414,0.9105717543573872
354,0.053428897214530056,0.034533311614269424,0.0,0.0011402508551881414,0.9105717543573872
355,0.053428897214530056,0.034533311614269424,0.0,9.773578758755497E-4,0.9107346473366998
356,0.053428897214530056,0.034533311614269424,0.0,9.773578758755497E-4,0.9107346473366998
357,0.053428897214530056,0.034533311614269424,0.0,9.773578758755497E-4,0.9107346473366998
358,0.053428897214530056,0.034533311614269424,0.0,9.773578758755497E-4,0.9107346473366998
359,0.053428897214530056,0.034533311614269424,0.0,9.773578758755497E-4,0.9107346473366998
360,0.053428897214530056,0.034533311614269424,0.0,9.773578758755497E-4,0.9107346473366998
361,0.053428897214530056,0.034533311614269424,0.0,9.773578758755497E-4,0.9107346473366998
362,0.053428897214530056,0.034533311614269424,0.0,9.773578758755497E-4,0.9107346473366998
363,0.053428897214530056,0.034533311614269424,0.0,9.773578758755497E-4,0.9107346473366998
364,0.053428897214530056,0.034533311614269424,0.0,9.773578758755497E-4,0.9107346473366998
365,0.053428897214530056,0.034533311614269424,0.0,9.773578758755497E-4,0.9107346473366998
366,0.053428897214530056,0.034533311614269424,0.0,9.773578758755497E-4,0.9107346473366998
367,0.053428897214530056,0.034533311614269424,0.0,8.144648965629581E-4,0.9108975403160123
368,0.053428897214530056,0.034533311614269424,0.0,8.144648965629581E-4,0.9108975403160123
369,0.053428897214530056,0.034533311614269424,0.0,8.144648965629581E-4,0.9108975403160123
370,0.053428897214530056,0.034533311614269424,0.0,8.144648965629581E-4,0.9108975403160123
371,0.053428897214530056,0.034533311614269424,0.0,8.144648965629581E-4,0.9108975403160123
372,0.053428897214530056,0.034533311614269424,0.0,8.144648965629581E-4,0.9108975403160123
373,0.053428897214530056,0.034533311614269424,0.0,8.144648965629581E-4,0.9108975403160123
374,0.053428897214530056,0.034533311614269424,0.0,8.144648965629581E-4,0.9108975403160123
375,0.053428897214530056,0.034533311614269424,0.0,8.144648965629581E-4,0.9108975403160123
376,0.053428897214530056,0.034533311614269424,0.0,8.144648965629581E-4,0.9108975403160123
377,0.053428897214530056,0.034533311614269424,0.0,6.515719172503665E-4,0.9110604332953249
378,0.053428897214530056,0.034533311614269424,0.0,6.515719172503665E-4,0.9110604332953249
379,0.053428897214530056,0.034533311614269424,0.0,4.886789379377749E-4,0.9112233262746375
380,0.053428897214530056,0.034533311614269424,0.0,4.886789379377749E-4,0.9112233262746375
381,0.053428897214530056,0.034533311614269424,0.0,4.886789379377749E-4,0.9112233262746375
382,0.053428897214530056,0.034533311614269424,0.0,4.886789379377749E-4,0.9112233262746375
383,0.053428897214530056,0.034533311614269424,0.0,4.886789379377749E-4,0.9112233262746375
384,0.053428897214530056,0.034533311614269424,0.0,4.886789379377749E-4,0.9112233262746375
385,0.053428897214530056,0.034533311614269424,0.0,4.886789379377749E-4,0.9112233262746375
386,0.053428897214530056,0.034533311614269424,0.0,4.886789379377749E-4,0.9112233262746375
387,0.053428897214530056,0.034533311614269424,0.0,4.886789379377749E-4,0.9112233262746375
388,0.053428897214530056,0.034533311614269424,0.0,4.886789379377749E-4,0.9112233262746375
389,0.053428897214530056,0.034533311614269424,0.0,4.886789379377749E-4,0.9112233262746375
390,0.053428897214530056,0.034533311614269424,0.0,4.886789379377749E-4,0.9112233262746375
391,0.053428897214530056,0.034533311614269424,0.0,4.886789379377749E-4,0.9112233262746375
392,0.053428897214530056,0.034533311614269424,0.0,4.886789379377749E-4,0.9112233262746375
393,0.053428897214530056,0.034533311614269424,0.0,4.886789379377749E-4,0.9112233262746375
394,0.053428897214530056,0.034533311614269424,0.0,3.2578595862518323E-4,0.9113862192539501
395,0.053428897214530056,0.034533311614269424,0.0,3.2578595862518323E-4,0.9113862192539501
396,0.053428897214530056,0.034533311614269424,0.0,3.2578595862518323E-4,0.9113862192539501
397,0.053428897214530056,0.034533311614269424,0.0,3.2578595862518323E-4,0.9113862192539501
398,0.053428897214530056,0.034533311614269424,0.0,3.2578595862518323E-4,0.9113862192539501
399,0.053428897214530056,0.034533311614269424,0.0,3.2578595862518323E-4,0.9113862192539501
400,0.053428897214530056,0.034533311614269424,0.0,3.2578595862518323E-4,0.9113862192539501
401,0.053428897214530056,0.034533311614269424,0.0,3.2578595862518323E-4,0.9113862192539501
402,0.053428897214530056,0.034533311614269424,0.0,3.2578595862518323E-4,0.9113862192539501
403,0.053428897214530056,0.034533311614269424,0.0,3.2578595862518323E-4,0.9113862192539501
404,0.053428897214530056,0.034533311614269424,0.0,3.2578595862518323E-4,0.9113862192539501
405,0.053428897214530056,0.034533311614269424,0.0,3.2578595862518323E-4,0.9113862192539501
406,0.053428897214530056,0.034533311614269424,0.0,3.2578595862518323E-4,0.9113862192539501
407,0.053428897214530056,0.034533311614269424,0.0,3.2578595862518323E-4,0.9113862192539501
408,0.053428897214530056,0.034533311614269424,0.0,3.2578595862518323E-4,0.9113862192539501
409,0.053428897214530056,0.034533311614269424,0.0,3.2578595862518323E-4,0.9113862192539501
410,0.053428897214530056,0.034533311614269424,0.0,3.2578595862518323E-4,0.9113862192539501
411,0.053428897214530056,0.034533311614269424,0.0,3.2578595862518323E-4,0.9113862192539501
412,0.053428897214530056,0.034533311614269424,0.0,3.2578595862518323E-4,0.9113862192539501
413,0.053428897214530056,0.034533311614269424,0.0,3.2578595862518323E-4,0.9113862192539501
414,0.053428897214530056,0.034533311614269424,0.0,3.2578595862518323E-4,0.9113862192539501
415,0.053428897214530056,0.034533311614269424,0.0,1.6289297931259162E-4,0.9115491122332627
416,0.053428897214530056,0.034533311614269424,0.0,1.6289297931259162E-4,0.9115491122332627
417,0.053428897214530056,0.034533311614269424,0.0,1.6289297931259162E-4,0.9115491122332627
418,0.053428897214530056,0.034533311614269424,0.0,1.6289297931259162E-4,0.9115491122332627
419,0.053428897214530056,0.034533311614269424,0.0,1.6289297931259162E-4,0.9115491122332627
420,0.053428897214530056,0.034533311614269424,0.0,1.6289297931259162E-4,0.9115491122332627
421,0.053428897214530056,0.034533311614269424,0.0,1.6289297931259162E-4,0.9115491122332627
422,0.053428897214530056,0.034533311614269424,0.0,1.6289297931259162E-4,0.9115491122332627
423,0.053428897214530056,0.034533311614269424,0.0,1.6289297931259162E-4,0.9115491122332627
424,0.053428897214530056,0.034533311614269424,0.0,1.6289297931259162E-4,0.9115491122332627
425,0.053428897214530056,0.034533311614269424,0.0,1.6289297931259162E-4,0.9115491122332627
426,0.053428897214530056,0.034533311614269424,0.0,1.6289297931259162E-4,0.9115491122332627
427,0.053428897214530056,0.034533311614269424,0.0,1.6289297931259162E-4,0.9115491122332627
428,0.053428897214530056,0.034533311614269424,0.0,1.6289297931259162E-4,0.9115491122332627
429,0.053428897214530056,0.034533311614269424,0.0,1.6289297931259162E-4,0.9115491122332627
430,0.053428897214530056,0.034533311614269424,0.0,1.6289297931259162E-4,0.9115491122332627
431,0.053428897214530056,0.034533311614269424,0.0,0.0,0.9117120052125753
432,0.053428897214530056,0.034533311614269424,0.0,0.0,0.9117120052125753
433,0.053428897214530056,0.034533311614269424,0.0,0.0,0.9117120052125753
434,0.053428897214530056,0.034533311614269424,0.0,0.0,0.9117120052125753
435,0.053428897214530056,0.034533311614269424,0.0,0.0,0.9117120052125753
436,0.053428897214530056,0.034533311614269424,0.0,0.0,0.9117120052125753
437,0.053428897214530056,0.034533311614269424,0.0,0.0,0.9117120052125753
438,0.053428897214530056,0.034533311614269424,0.0,0.0,0.9117120052125753
439,0.053428897214530056,0.034533311614269424,0.0,0.0,0.9117120052125753
440,0.053428897214530056,0.034533311614269424,0.0,0.0,0.9117120052125753
441,0.053428897214530056,0.034533311614269424,0.0,0.0,0.9117120052125753
442,0.053428897214530056,0.034533311614269424,0.0,0.0,0.9117120052125753
443,0.053428897214530056,0.034533311614269424,0.0,0.0,0.9117120052125753
444,0.053428897214530056,0.034533311614269424,0.0,0.0,0.9117120052125753
445,0.053428897214530056,0.034533311614269424,0.0,0.0,0.9117120052125753
446,0.053428897214530056,0.034533311614269424,0.0,0.0,0.9117120052125753
447,0.053428897214530056,0.034533311614269424,0.0,0.0,0.9117120052125753
448,0.053428897214530056,0.034533311614269424,0.0,0.0,0.9117120052125753
449,0.053428897214530056,0.034533311614269424,0.0,0.0,0.9117120052125753
450,0.053428897214530056,0.034533311614269424,0.0,0.0,0.9117120052125753
451,0.053428897214530056,0.034533311614269424,0.0,0.0,0.9117120052125753
452,0.053428897214530056,0.034533311614269424,0.0,0.0,0.9117120052125753
453,0.053428897214530056,0.034533311614269424,0.0,0.0,0.9117120052125753
454,0.053428897214530056,0.034533311614269424,0.0,0.0,0.9117120052125753
455,0.053428897214530056,0.034533311614269424,0.0,0.0,0.9117120052125753
456,0.053428897214530056,0.034533311614269424,0.0,0.0,0.9117120052125753
457,0.053428897214530056,0.034533311614269424,0.0,0.0,0.9117120052125753
458,0.053428897214530056,0.034533311614269424,0.0,0.0,0.9117120052125753
459,0.053428897214530056,0.034533311614269424,0.0,0.0,0.9117120052125753
460,0.053428897214530056,0.034533311614269424,0.0,0.0,0.9117120052125753
461,0.053428897214530056,0.034533311614269424,0.0,0.0,0.9117120052125753
462,0.053428897214530056,0.034533311614269424,0.0,0.0,0.9117120052125753
463,0.053428897214530056,0.034533311614269424,0.0,0.0,0.9117120052125753
464,0.053428897214530056,0.034533311614269424,0.0,0.0,0.9117120052125753
465,0.053428897214530056,0.034533311614269424,0.0,0.0,0.9117120052125753
466,0.053428897214530056,0.034533311614269424,0.0,0.0,0.9117120052125753
467,0.053428897214530056,0.034533311614269424,0.0,0.0,0.9117120052125753
468,0.053428897214530056,0.034533311614269424,0.0,0.0,0.9117120052125753
469,0.053428897214530056,0.034533311614269424,0.0,0.0,0.9117120052125753
470,0.053428897214530056,0.034533311614269424,0.0,0.0,0.9117120052125753
471,0.053428897214530056,0.034533311614269424,0.0,0.0,0.9117120052125753
472,0.053428897214530056,0.034533311614269424,0.0,0.0,0.9117120052125753
473,0.053428897214530056,0.034533311614269424,0.0,0.0,0.9117120052125753
474,0.053428897214530056,0.034533311614269424,0.0,0.0,0.9117120052125753
475,0.053428897214530056,0.034533311614269424,0.0,0.0,0.9117120052125753
476,0.053428897214530056,0.034533311614269424,0.0,0.0,0.9117120052125753
477,0.053428897214530056,0.034533311614269424,0.0,0.0,0.9117120052125753
478,0.053428897214530056,0.034533311614269424,0.0,0.0,0.9117120052125753
479,0.053428897214530056,0.034533311614269424,0.0,0.0,0.9117120052125753
480,0.053428897214530056,0.034533311614269424,0.0,0.0,0.9117120052125753
481,0.053428897214530056,0.034533311614269424,0.0,0.0,0.9117120052125753
482,0.053428897214530056,0.034533311614269424,0.0,0.0,0.9117120052125753
483,0.053428897214530056,0.034533311614269424,0.0,0.0,0.9117120052125753
484,0.053428897214530056,0.034533311614269424,0.0,0.0,0.9117120052125753
485,0.053428897214530056,0.034533311614269424,0.0,0.0,0.9117120052125753
486,0.053428897214530056,0.034533311614269424,0.0,0.0,0.9117120052125753
487,0.053428897214530056,0.034533311614269424,0.0,0.0,0.9117120052125753
488,0.053428897214530056,0.034533311614269424,0.0,0.0,0.9117120052125753
489,0.053428897214530056,0.034533311614269424,0.0,0.0,0.9117120052125753
490,0.053428897214530056,0.034533311614269424,0.0,0.0,0.9117120052125753
491,0.053428897214530056,0.034533311614269424,0.0,0.0,0.9117120052125753
492,0.053428897214530056,0.034533311614269424,0.0,0.0,0.9117120052125753
493,0.053428897214530056,0.034533311614269424,0.0,0.0,0.9117120052125753
494,0.053428897214530056,0.034533311614269424,0.0,0.0,0.9117120052125753
495,0.053428897214530056,0.034533311614269424,0.0,0.0,0.9117120052125753
496,0.053428897214530056,0.034533311614269424,0.0,0.0,0.9117120052125753
497,0.053428897214530056,0.034533311614269424,0.0,0.0,0.9117120052125753
498,0.053428897214530056,0.034533311614269424,0.0,0.0,0.9117120052125753
499,0.053428897214530056,0.034533311614269424,0.0,0.0,0.9117120052125753
