0,0.695,0.3,0,0.005,0
1,0.6826844762990715,0.29630232936960416,0.010913829613943639,0.009122006841505131,6.515719172503665E-4
2,0.6774719009610686,0.2956507574523538,0.01612640495194657,0.009447792800130314,9.773578758755497E-4
3,0.6716077537058153,0.2933702557419775,0.021664766248574687,0.01205408046913178,9.773578758755497E-4
4,0.6619970679263724,0.29223000488678935,0.03078677309007982,0.013194331324319922,0.0014660368138133247
5,0.6575989574849324,0.2901123961557257,0.034533311614269424,0.015311940055383612,0.0021176087310636913
6,0.6486398436227399,0.2881576804039746,0.04235217462127382,0.017429548786447303,0.003094966606939241
7,0.6375631210294836,0.28457403485909755,0.05228864635934191,0.021664766248574687,0.003583645544877016
8,0.625834826518977,0.28147906825215835,0.06255090405603518,0.025411304772764293,0.004398110441439974
9,0.6118260302980941,0.2783841016452191,0.07411630558722919,0.029809415214204268,0.005538361296628116
10,0.5984688059944616,0.2744746701417169,0.08584460009773578,0.03420752565564424,0.006678612151816257
11,0.5846229027528913,0.2705652386382147,0.09773578758755498,0.039257208014334584,0.007493077048379215
12,0.5660531031112559,0.2663300211760873,0.11353640658087637,0.045284248248900476,0.008470434924254765
13,0.5476461964489331,0.26160612477602213,0.12787098876038444,0.05228864635934191,0.010262257696693273
14,0.528913503827985,0.25606776347939403,0.1420426779605799,0.06141065320084704,0.011239615572568822
15,0.508551881413911,0.2515067600586415,0.15702883205733834,0.06922951620785144,0.013357224303632514
16,0.4920996905033393,0.24466525492751262,0.1695715914644079,0.0776999511321062,0.015637726014008795
17,0.4774393223652061,0.23847532171363414,0.1788564912852256,0.08714774393223652,0.017755334745072487
18,0.4603355595373839,0.23244828147906826,0.18977032089916926,0.0974100016289298,0.019710050496823586
19,0.4414399739371233,0.22462941847206386,0.20475647499592767,0.10750936634631048,0.021338980289949502
20,0.4277569636748656,0.21697344844437205,0.21176087310636912,0.1167942661671282,0.026388662648639843
21,0.4103274148884183,0.21062062225118097,0.22283759569962536,0.12445023619482,0.031438345007330185
22,0.39485258185372213,0.20410490307867732,0.2313080306238801,0.13275777813976217,0.03665092034533311
23,0.37579410327414886,0.19791496986479884,0.24401368301026224,0.14171689200195473,0.040234565890210135
24,0.36292555790845415,0.19156214367160776,0.2505294021827659,0.15018732692620948,0.04446978335233751
25,0.3484280827496335,0.18700114025085518,0.2576966932725199,0.15833197589183906,0.04821632187652712
26,0.335070858446001,0.18227724385079003,0.26372373350708583,0.16582505294021826,0.05277732529727969
27,0.3212249552044307,0.17657598957484932,0.2707281316175273,0.1731552370092849,0.05798990063528262
28,0.30982244665254927,0.17087473529890862,0.27382309822446654,0.18032252809903893,0.06483140576641147
29,0.2998859749144812,0.16631373187815604,0.27545202801759244,0.18895585600260628,0.06906662322853885
30,0.28848346636259975,0.1630558722919042,0.2761035999348428,0.19596025411304774,0.07607102133898029
31,0.27887278058315684,0.1571917250366509,0.27740674376934354,0.20296465222348917,0.08323831242873432
32,0.26763316501058804,0.1534451865124613,0.28082749633490794,0.2083401205408047,0.0894282456426128
33,0.2573709073138948,0.14904707607102133,0.28082749633490794,0.21648476950643428,0.09594396481511647
34,0.24890047238964,0.14497475158820655,0.280013031438345,0.22202313080306238,0.10376282782212087
35,0.24059293044469784,0.1399250692295162,0.27968724547971985,0.22853884997556606,0.1109301189118749
36,0.23098224466525494,0.13536406580876365,0.28131617527284575,0.23505456914806971,0.1169571591464408
37,0.22430363251343868,0.13161752728457404,0.2798501384590324,0.23977846554813487,0.12412445023619482
38,0.21746212738230983,0.12705652386382146,0.27968724547971985,0.24352500407232447,0.13194331324319922
39,0.21110930118911875,0.12330998533963186,0.27724385079003094,0.24661997067926372,0.14139110604332952
40,0.20361622414073954,0.1207036976706304,0.27691806483140574,0.24955204430689037,0.14888418309170875
41,0.19726339794754846,0.11744583808437856,0.27496334907965464,0.2531356898517674,0.15686593907802573
42,0.19156214367160776,0.11435087147743932,0.27203127545202804,0.25818537221045773,0.163544551229842
43,0.18618667535429223,0.11125590487050008,0.26926209480371394,0.261280338817397,0.17168920019547157
44,0.1811369929956019,0.10962697507737416,0.2666558071347125,0.26014008796220883,0.18211435087147743
45,0.17641309659553672,0.10636911549112234,0.26421241244502364,0.2632350545691481,0.18944453494054406
46,0.171526307216159,0.10457729271868382,0.2594885160449585,0.26730737905196283,0.1967747190096107
47,0.16631373187815604,0.10229679100830755,0.2572080143345822,0.26942498778302654,0.2044306890373025
48,0.16224140739534126,0.10066786121518162,0.2541130477276429,0.2704023456589021,0.2122495520443069
49,0.15833197589183906,0.09773578758755498,0.2511809741000163,0.27170548949340284,0.22071998696856165
50,0.1537709724710865,0.0952923928978661,0.24857468643101482,0.2726828473692784,0.229353314872129
51,0.15035021990552208,0.09268610522886464,0.245316826844763,0.27317152630721614,0.23814953575500897
52,0.1457892164847695,0.09073138947711354,0.24205896725851117,0.27496334907965464,0.24613129174132595
53,0.1422055709398925,0.08877667372536244,0.23912689363088452,0.27708095781071834,0.252484117934517
54,0.13927349731226585,0.08665906499429875,0.233751425313569,0.27952435250040725,0.26046587392083403
55,0.1365043166639518,0.08421567030460987,0.22707281316175273,0.28506271379703535,0.2668187001140251
56,0.1345496009122007,0.08128359667698322,0.22332627463756313,0.28538849975566055,0.27512624205896724
57,0.1306401694086985,0.07981755986316989,0.22120866590649943,0.28473692783841015,0.28327089102459685
58,0.12754520280175924,0.07835152304935657,0.2161589835478091,0.2862029646522235,0.2914155399902264
59,0.12575338002932074,0.07704837921485584,0.2101319433132432,0.2881576804039746,0.29858283107998046
60,0.1224955204430689,0.07558234240104252,0.20719986968561654,0.2875061084867242,0.3068903730249226
61,0.12037791171200521,0.0739534126079166,0.20198729434761362,0.2875061084867242,0.31584948688711517
62,0.11744583808437856,0.07281316175272846,0.1988923277406744,0.28685453656947385,0.3236683498941196
63,0.11565401531194006,0.07167291089754031,0.1949828962371722,0.28718032252809905,0.33018406906662323
64,0.11337351360156377,0.07020687408372699,0.1922137155888581,0.28506271379703535,0.3388173969701906
65,0.11125590487050008,0.06890373024922626,0.18732692620948038,0.2837595699625346,0.3484280827496335
66,0.10864961720149861,0.0680892653526633,0.18341749470597818,0.28473692783841015,0.35478090894282455
67,0.10620622251180974,0.06678612151816257,0.17950806320247598,0.2840853559211598,0.36308845088776676
68,0.1050659716566216,0.06564587066297442,0.17429548786447305,0.2855513927349731,0.3691154911223326
69,0.10294836292555791,0.06450561980778628,0.1694086984850953,0.2860400716729109,0.3767714611500244
70,0.101319433132432,0.06401694086984851,0.16680241081609382,0.2826193191073465,0.384916110115654
71,0.09887603844274312,0.06255090405603518,0.16647662485746864,0.2805017103762828,0.3912689363088451
72,0.0974100016289298,0.06157354618015964,0.16338165825052942,0.2782212086659065,0.3990877993158495
73,0.09594396481511647,0.06108486724222186,0.1594722267470272,0.2762664929141554,0.4069066623228539
74,0.0952923928978661,0.06043329532497149,0.155562795243525,0.2743117771624043,0.41407395341260794
75,0.09382635608405278,0.059293044469783354,0.1536080794917739,0.27203127545202804,0.42091545854373674
76,0.09268610522886464,0.05913015149047076,0.1496986479882717,0.26991366672096434,0.4282456426128034
77,0.09089428245642613,0.058641472552532985,0.14692946733995765,0.2664929141553999,0.43671607753705816
78,0.08991692458055058,0.057664114676657434,0.14350871477439323,0.2645381984036488,0.44404626160612476
79,0.08926535266330021,0.0563609708421567,0.14057664114676657,0.26225769669327254,0.4512135526958788
80,0.08796220882879947,0.05505782700765597,0.13585274474670142,0.26014008796220883,0.4606613454960091
81,0.0874735298908617,0.0544062550904056,0.13194331324319922,0.256882228375957,0.4689688874409513
82,0.08649617201498615,0.053591790193842644,0.12933702557419774,0.25606776347939403,0.47418146277895423
83,0.08584460009773578,0.052451539338654506,0.12591627300863334,0.25443883368626813,0.4810229679100831
84,0.08437856328392246,0.05196286040071673,0.12428734321550741,0.2513438670793289,0.48770158006189934
85,0.08323831242873432,0.051474181462778955,0.12102948362925559,0.2500407232448281,0.4938915132757778
86,0.08128359667698322,0.05098550252484118,0.12005212575338003,0.24743443557582667,0.4999185535103437
87,0.08030623880110767,0.05033393060759081,0.11793451702231633,0.2431992181136993,0.5079003094966607
88,0.07981755986316989,0.04951946571102785,0.11483955041537709,0.24010425150676007,0.5153933865450399
89,0.07916598794591953,0.049356572731715266,0.11239615572568823,0.23619482000325787,0.522560677634794
90,0.07835152304935657,0.048379214855839715,0.10913829613943639,0.2355432480860075,0.5282619319107347
91,0.07737416517348103,0.047727642938589346,0.10783515230493566,0.23424010425150676,0.5324971493728621
92,0.07688548623554325,0.04691317804202639,0.10588043655318456,0.2319596025411305,0.5380355106694902
93,0.07623391431829288,0.04658739208340121,0.10359993484280827,0.2291904218928164,0.5440625509040561
94,0.07509366346310474,0.04658739208340121,0.10197100504968236,0.22674702720312753,0.549275126242059
95,0.07411630558722919,0.046424499104088614,0.10066786121518162,0.22414073953412608,0.5543248086007493
96,0.07411630558722919,0.04609871314546343,0.09757289460824238,0.22267470272031276,0.5592115979801271
97,0.0739534126079166,0.04544714122821306,0.09431503502199055,0.2195797361133735,0.5663788890698811
98,0.07330184069066623,0.045284248248900476,0.09252321224955204,0.21648476950643428,0.5720801433458218
99,0.07281316175272846,0.04512135526958788,0.09040560351848835,0.21501873269262095,0.5763153608079492
100,0.07167291089754031,0.04495846229027529,0.08910245968398763,0.21127219416843135,0.5826681870011402
101,0.07151001791822773,0.044632676331650106,0.08731063691154911,0.20866590649942987,0.587554976380518
102,0.07102133898028995,0.044632676331650106,0.0856817071184232,0.20589672585111582,0.5924417657598957
103,0.07036976706303959,0.04446978335233751,0.08421567030460987,0.20329043818211434,0.5973285551392735
104,0.06939240918716404,0.04414399739371233,0.08112070369767063,0.20280175924417657,0.6022153445186512
105,0.06841505131128849,0.04349242547646196,0.07932888092523212,0.20117282945105067,0.6072650268773416
106,0.0682521583319759,0.043329532497149374,0.07704837921485584,0.20003257859586251,0.6110115654015312
107,0.06792637237335071,0.04316663951783678,0.0759081283596677,0.19710050496823586,0.6155725688222837
108,0.06776347939403812,0.0428408535592116,0.07427919856654178,0.1944942172992344,0.6202964652223489
109,0.06743769343541293,0.042677960579899005,0.0719986968561655,0.19286528750610848,0.6246945756637889
110,0.06711190747678775,0.04235217462127382,0.0700439811044144,0.1884671770646685,0.6316989737742303
111,0.06678612151816257,0.04235217462127382,0.0682521583319759,0.18748981918879296,0.6347939403811695
112,0.06662322853884997,0.041700602704023454,0.06597165662159961,0.1847206385404789,0.6406580876364228
113,0.0662974425802248,0.04153770972471087,0.06466851278709887,0.18146277895422708,0.6457077699951133
114,0.06515719172503665,0.04121192376608568,0.06450561980778628,0.17787913340935005,0.6509203453331162
115,0.06499429874572406,0.04104903078677309,0.06287669001466037,0.1749470597817234,0.6558071347124939
116,0.06466851278709887,0.0408861378074605,0.06092197426290927,0.1733181299885975,0.6598794591953087
117,0.0641798338491611,0.040560351848835316,0.06010750936634631,0.1712005212575338,0.6636259977194983
118,0.06385404789053592,0.039908779931584946,0.05913015149047076,0.1694086984850953,0.6673725362436879
119,0.06336536895259814,0.03974588695227236,0.05880436553184558,0.16712819677471902,0.6706303958299398
120,0.06320247597328556,0.039582993972959765,0.05684964978009448,0.16338165825052942,0.6766574360645056
121,0.06271379703534778,0.03942010099364717,0.05538361296628115,0.159146440788402,0.6830102622576967
122,0.062388011076722594,0.039257208014334584,0.054894934028343376,0.15605147418146278,0.6870825867405115
123,0.062388011076722594,0.03909431503502199,0.05212575338002932,0.1536080794917739,0.692458055057827
124,0.06157354618015964,0.038931422055709396,0.05196286040071673,0.1514904707607102,0.6957159146440789
125,0.06157354618015964,0.03876852907639681,0.05017103762827822,0.1495357550089591,0.699625346147581
126,0.06124776022153445,0.03844274311777163,0.04919367975240267,0.14806971819514578,0.7027203127545203
127,0.06108486724222186,0.03844274311777163,0.04789053591790194,0.14562632350545693,0.7066297442580225
128,0.06092197426290927,0.03827985013845903,0.04723896400065157,0.14302003583645545,0.7102133898028995
129,0.06075908128359668,0.03827985013845903,0.045284248248900476,0.14106532008470435,0.7142857142857143
130,0.06010750936634631,0.03811695715914644,0.04512135526958788,0.13943639029157842,0.7168920019547157
131,0.05994461638703372,0.03795406417983385,0.044632676331650106,0.13731878156051475,0.7198240755823424
132,0.059293044469783354,0.03795406417983385,0.04381821143508715,0.13340935005701254,0.7251995438996579
133,0.059293044469783354,0.03795406417983385,0.0428408535592116,0.13096595536732367,0.7286202964652223
134,0.059293044469783354,0.03795406417983385,0.04104903078677309,0.1306401694086985,0.730737905196286
135,0.05913015149047076,0.03795406417983385,0.040560351848835316,0.12787098876038444,0.7341586577618505
136,0.05880436553184558,0.037628278221208664,0.03974588695227236,0.12526470109138296,0.7382309822446652
137,0.0584785795732204,0.037628278221208664,0.037628278221208664,0.12396155725688222,0.7419775207688548
138,0.0584785795732204,0.03730249226258348,0.036162241407395344,0.12168105554650595,0.7460498452516696
139,0.057664114676657434,0.03730249226258348,0.03599934842808275,0.11907476787750448,0.7496334907965466
140,0.05750122169734485,0.03713959928327089,0.03469620459358202,0.11630558722919042,0.7540316012379866
141,0.05701254275940707,0.0369767063039583,0.03355595373839387,0.1146766574360645,0.757452353803551
142,0.05701254275940707,0.0369767063039583,0.0330672748004561,0.11402508551881414,0.7585926046587392
143,0.05684964978009448,0.036488027366020526,0.031764130965955366,0.11418797849812673,0.7603844274311777
144,0.056523863821469296,0.03599934842808275,0.03127545202801759,0.11207036976706304,0.7638051799967421
145,0.056198077862844115,0.03599934842808275,0.030460987131454634,0.10978986805668675,0.7672259325623065
146,0.056198077862844115,0.035836455448770156,0.029809415214204268,0.10832383124287344,0.7695064342726828
147,0.056198077862844115,0.035836455448770156,0.028669164359016126,0.10734647336699789,0.7716240430037465
148,0.05603518488353152,0.03567356246945757,0.027528913503827985,0.10571754357387196,0.7747190096106857
149,0.05570939892490634,0.03567356246945757,0.0272031275452028,0.10376282782212087,0.7773252972796872
150,0.05538361296628115,0.035184883531519794,0.026388662648639843,0.10164521909105717,0.7810718358038768
151,0.055220719986968564,0.035184883531519794,0.025899983710702068,0.0990389314220557,0.7843296953901286
152,0.055220719986968564,0.035184883531519794,0.025411304772764293,0.09659553673236683,0.7872617690177554
153,0.05505782700765597,0.035184883531519794,0.024922625834826517,0.09561817885649128,0.7888906988108813
154,0.05505782700765597,0.0350219905522072,0.02427105391757615,0.09431503502199055,0.791008307541945
155,0.05505782700765597,0.0350219905522072,0.02378237497963838,0.09252321224955204,0.7932888092523213
156,0.054894934028343376,0.03469620459358202,0.023293696041700604,0.09170874735298909,0.7950806320247598
157,0.054569148069718194,0.03469620459358202,0.02296791008307542,0.09024271053917576,0.7971982407558235
158,0.05424336211109301,0.03469620459358202,0.02280501710376283,0.0876364228701743,0.8002932073627627
159,0.05424336211109301,0.03469620459358202,0.021664766248574687,0.08665906499429875,0.8024108160938264
160,0.05424336211109301,0.03469620459358202,0.020850301352011727,0.08470434924254765,0.8051799967421405
161,0.05391757615246783,0.03469620459358202,0.020524515393386546,0.08291252647010913,0.8076233914318293
162,0.05375468317315524,0.034533311614269424,0.01987294347613618,0.081772275614921,0.809741000162893
163,0.053428897214530056,0.034533311614269424,0.019710050496823586,0.07916598794591953,0.8128359667698323
164,0.053428897214530056,0.034533311614269424,0.019221371558885814,0.07688548623554325,0.8156051474181463
165,0.05326600423521746,0.034533311614269424,0.018732692620948038,0.07525655644241733,0.8178856491285226
166,0.05294021827659228,0.03437041863495683,0.018406906662322853,0.07444209154585438,0.8195145789216485
167,0.05277732529727969,0.03437041863495683,0.018244013683010263,0.07330184069066623,0.8209806157354618
168,0.05277732529727969,0.03437041863495683,0.018081120703697672,0.0719986968561655,0.8224466525492752
169,0.05277732529727969,0.03437041863495683,0.017918227724385078,0.07053266004235217,0.8240755823424011
170,0.05277732529727969,0.03420752565564424,0.01694086984850953,0.06971819514578921,0.8260302980941522
171,0.05261443231796709,0.03420752565564424,0.016615083889884346,0.06743769343541293,0.8287994787424662
172,0.05261443231796709,0.03420752565564424,0.01628929793125916,0.0662974425802248,0.8302655155562795
173,0.052451539338654506,0.03420752565564424,0.01612640495194657,0.06532008470434925,0.8315686593907803
174,0.052451539338654506,0.03420752565564424,0.015637726014008795,0.0643427268284737,0.8330346962045936
175,0.052451539338654506,0.03404463267633165,0.015149047076071022,0.06401694086984851,0.8340120540804691
176,0.05212575338002932,0.03404463267633165,0.015149047076071022,0.06271379703534778,0.8356409838735951
177,0.05212575338002932,0.03404463267633165,0.014823261117445839,0.06189933213878482,0.8367812347287832
178,0.05212575338002932,0.03404463267633165,0.014497475158820656,0.06010750936634631,0.8388988434598469
179,0.05212575338002932,0.03404463267633165,0.01400879622088288,0.0583156865939078,0.8411793451702232
180,0.05212575338002932,0.03404463267633165,0.01400879622088288,0.05684964978009448,0.8426453819840365
181,0.05212575338002932,0.03404463267633165,0.013520117282945105,0.05473204104903079,0.845251669653038
182,0.05212575338002932,0.03404463267633165,0.013357224303632514,0.053591790193842644,0.8465548134875387
183,0.05212575338002932,0.03404463267633165,0.013357224303632514,0.05212575338002932,0.848020850301352
184,0.05212575338002932,0.03404463267633165,0.012705652386382146,0.05000814464896563,0.8507900309496661
185,0.05212575338002932,0.03404463267633165,0.012379866427756963,0.04919367975240267,0.8519302818048542
186,0.051799967421404136,0.03404463267633165,0.012379866427756963,0.047401856979964165,0.8540478905359179
187,0.051799967421404136,0.03404463267633165,0.012216973448444373,0.045772927186838244,0.8558397133083564
188,0.051799967421404136,0.03404463267633165,0.011565401531194005,0.045284248248900476,0.8569799641635446
189,0.051799967421404136,0.03404463267633165,0.011402508551881414,0.04446978335233751,0.8579573220394201
190,0.051799967421404136,0.03404463267633165,0.011402508551881414,0.043329532497149374,0.8590975728946082
191,0.051799967421404136,0.03388173969701906,0.010425150676005863,0.04316663951783678,0.860400716729109
192,0.051799967421404136,0.03388173969701906,0.00993647173806809,0.042677960579899005,0.8613780746049845
193,0.051799967421404136,0.03371884671770647,0.009773578758755497,0.04235217462127382,0.8620296465222349
194,0.05163707444209155,0.03371884671770647,0.009773578758755497,0.04121192376608568,0.8633327903567356
195,0.05163707444209155,0.03371884671770647,0.009284899820817722,0.040560351848835316,0.8644730412119238
196,0.05163707444209155,0.03371884671770647,0.008796220882879948,0.039908779931584946,0.8656132920671119
197,0.051474181462778955,0.03355595373839387,0.008796220882879948,0.039257208014334584,0.8665906499429875
198,0.051474181462778955,0.03355595373839387,0.008470434924254765,0.038605636097084214,0.867568007818863
199,0.05131128848346636,0.033393060759081286,0.008307541944942173,0.03844274311777163,0.8682195797361134
200,0.05131128848346636,0.033393060759081286,0.00814464896562958,0.03811695715914644,0.8687082586740511
201,0.05131128848346636,0.033393060759081286,0.007493077048379215,0.03795406417983385,0.8695227235706141
202,0.05131128848346636,0.033393060759081286,0.0068415051311288486,0.037628278221208664,0.8705000814464896
203,0.05131128848346636,0.033393060759081286,0.0068415051311288486,0.035836455448770156,0.8722919042189282
204,0.051148395504153774,0.033393060759081286,0.00700439811044144,0.035510669490144975,0.8726176901775533
205,0.051148395504153774,0.03323016777976869,0.00700439811044144,0.03534777651083238,0.8729434761361785
206,0.05098550252484118,0.03323016777976869,0.006678612151816257,0.035184883531519794,0.8735950480534289
207,0.05098550252484118,0.03323016777976869,0.006678612151816257,0.03388173969701906,0.8748981918879296
208,0.05098550252484118,0.0330672748004561,0.006189933213878482,0.03323016777976869,0.8762013357224303
209,0.05098550252484118,0.0330672748004561,0.005864147255253299,0.032415702883205735,0.8773415865776185
210,0.050822609545528585,0.0330672748004561,0.005864147255253299,0.03160123798664278,0.878318944453494
211,0.050822609545528585,0.0330672748004561,0.005375468317315524,0.03127545202801759,0.879133409350057
212,0.050822609545528585,0.03290438182114351,0.005375468317315524,0.031112559048705,0.8794591953086822
213,0.05033393060759081,0.03290438182114351,0.005701254275940707,0.03078677309007982,0.87994787424662
214,0.05000814464896563,0.03290438182114351,0.00602704023456589,0.030298094152142043,0.8804365531845577
215,0.049845251669653035,0.03290438182114351,0.005864147255253299,0.02997230819351686,0.8810881251018081
216,0.049845251669653035,0.03290438182114351,0.005375468317315524,0.02899495031764131,0.8825541619156214
217,0.04968235869034045,0.03274148884183092,0.005375468317315524,0.0291578432969539,0.882717054894934
218,0.04951946571102785,0.03274148884183092,0.005375468317315524,0.02899495031764131,0.8830428408535592
219,0.04951946571102785,0.03257859586251832,0.00504968235869034,0.028832057338328717,0.8836944127708096
220,0.049356572731715266,0.03257859586251832,0.005212575338002932,0.02801759244176576,0.8845088776673725
221,0.049356572731715266,0.03257859586251832,0.005212575338002932,0.0272031275452028,0.8853233425639355
222,0.049356572731715266,0.032415702883205735,0.004723896400065157,0.027528913503827985,0.8856491285225607
223,0.04919367975240267,0.032415702883205735,0.004723896400065157,0.027366020524515394,0.8859749144811858
224,0.04919367975240267,0.032415702883205735,0.004561003420752566,0.027366020524515394,0.8861378074604984
225,0.04903078677309008,0.032415702883205735,0.004561003420752566,0.026714448607265028,0.8869522723570614
226,0.04886789379377749,0.032415702883205735,0.004723896400065157,0.025899983710702068,0.8877667372536243
227,0.04886789379377749,0.032415702883205735,0.004398110441439974,0.025574197752076887,0.8884183091708747
228,0.0487050008144649,0.032415702883205735,0.004561003420752566,0.024759732855513927,0.8892327740674377
229,0.0487050008144649,0.032415702883205735,0.004561003420752566,0.02427105391757615,0.8897214530053754
230,0.0487050008144649,0.032415702883205735,0.004561003420752566,0.02378237497963838,0.8902101319433132
231,0.0487050008144649,0.03225280990389314,0.004561003420752566,0.022642124124450238,0.891513275777814
232,0.0487050008144649,0.03225280990389314,0.004561003420752566,0.022153445186512463,0.8920019547157517
233,0.0487050008144649,0.03225280990389314,0.004235217462127383,0.021827659227887278,0.8926535266330021
234,0.0487050008144649,0.03225280990389314,0.00407232448281479,0.02117608731063691,0.8934679915295651
235,0.0487050008144649,0.03225280990389314,0.00407232448281479,0.020687408372699136,0.8939566704675028
236,0.0487050008144649,0.03225280990389314,0.00407232448281479,0.020361622414073955,0.894282456426128
237,0.0487050008144649,0.03208991692458055,0.0037465385241896073,0.01987294347613618,0.8952598143020036
238,0.0487050008144649,0.03208991692458055,0.003583645544877016,0.019710050496823586,0.8955856002606287
239,0.0487050008144649,0.03208991692458055,0.003583645544877016,0.019547157517510995,0.8957484932399413
240,0.0487050008144649,0.03208991692458055,0.003583645544877016,0.01905847857957322,0.8962371721778791
241,0.0487050008144649,0.03208991692458055,0.0034207525655644243,0.019221371558885814,0.8962371721778791
242,0.0487050008144649,0.03208991692458055,0.0032578595862518323,0.01905847857957322,0.8965629581365043
243,0.0487050008144649,0.03208991692458055,0.002769180648314058,0.01889558560026063,0.8972145300537547
244,0.0485421078351523,0.03192702394526796,0.0029320736276266493,0.018569799641635444,0.8977032089916924
245,0.0485421078351523,0.03192702394526796,0.0029320736276266493,0.018081120703697672,0.8981918879296302
246,0.0485421078351523,0.03192702394526796,0.0029320736276266493,0.017592441765759897,0.898680566867568
247,0.0485421078351523,0.03192702394526796,0.002769180648314058,0.01694086984850953,0.8994950317641309
248,0.0485421078351523,0.03192702394526796,0.002769180648314058,0.016452190910571755,0.8999837107020687
249,0.0485421078351523,0.03192702394526796,0.002769180648314058,0.01612640495194657,0.9003094966606939
250,0.0485421078351523,0.03192702394526796,0.002769180648314058,0.015474833034696205,0.9009610685779443
251,0.048379214855839715,0.03192702394526796,0.0029320736276266493,0.01498615409675843,0.901449747515882
252,0.048379214855839715,0.03192702394526796,0.0029320736276266493,0.014660368138133246,0.9017755334745072
253,0.048379214855839715,0.03192702394526796,0.002769180648314058,0.014660368138133246,0.9019384264538198
254,0.048379214855839715,0.03192702394526796,0.002606287669001466,0.01417168920019547,0.9025899983710702
255,0.048379214855839715,0.03192702394526796,0.0024433946896888744,0.01400879622088288,0.9029157843296954
256,0.048379214855839715,0.03192702394526796,0.0024433946896888744,0.013520117282945105,0.9034044632676331
257,0.048379214855839715,0.03192702394526796,0.0024433946896888744,0.013194331324319922,0.9037302492262583
258,0.048379214855839715,0.03192702394526796,0.002280501710376283,0.01303143834500733,0.9040560351848835
259,0.048379214855839715,0.03192702394526796,0.002280501710376283,0.012705652386382146,0.9043818211435087
260,0.048379214855839715,0.03192702394526796,0.0021176087310636913,0.012379866427756963,0.9048705000814465
261,0.048379214855839715,0.03192702394526796,0.0021176087310636913,0.012216973448444373,0.905033393060759
262,0.048379214855839715,0.03192702394526796,0.0021176087310636913,0.01205408046913178,0.9051962860400716
263,0.048379214855839715,0.03192702394526796,0.0021176087310636913,0.01205408046913178,0.9051962860400716
264,0.048379214855839715,0.03192702394526796,0.0019547157517510994,0.011728294510506597,0.9056849649780094
265,0.048379214855839715,0.03192702394526796,0.0019547157517510994,0.011402508551881414,0.9060107509366346
266,0.048379214855839715,0.03192702394526796,0.0019547157517510994,0.011239615572568822,0.9061736439159472
267,0.048379214855839715,0.03192702394526796,0.0019547157517510994,0.011076722593256231,0.9063365368952598
268,0.048379214855839715,0.03192702394526796,0.001791822772438508,0.011239615572568822,0.9063365368952598
269,0.048379214855839715,0.03192702394526796,0.001791822772438508,0.011239615572568822,0.9063365368952598
270,0.048379214855839715,0.03192702394526796,0.001791822772438508,0.011076722593256231,0.9064994298745724
271,0.048379214855839715,0.03192702394526796,0.001791822772438508,0.010588043655318456,0.9069881088125101
272,0.048379214855839715,0.03192702394526796,0.001791822772438508,0.010588043655318456,0.9069881088125101
273,0.048379214855839715,0.03192702394526796,0.001791822772438508,0.010588043655318456,0.9069881088125101
274,0.048379214855839715,0.03192702394526796,0.0016289297931259162,0.010262257696693273,0.9074767877504479
275,0.048379214855839715,0.03192702394526796,0.0016289297931259162,0.01009936471738068,0.9076396807297605
276,0.048379214855839715,0.03192702394526796,0.0016289297931259162,0.009773578758755497,0.9079654666883857
277,0.048379214855839715,0.03192702394526796,0.0016289297931259162,0.009610685779442907,0.9081283596676983
278,0.048379214855839715,0.03192702394526796,0.0016289297931259162,0.009447792800130314,0.9082912526470109
279,0.048379214855839715,0.03192702394526796,0.0016289297931259162,0.008959113862192539,0.9087799315849487
280,0.048379214855839715,0.03192702394526796,0.0016289297931259162,0.008796220882879948,0.9089428245642612
281,0.048379214855839715,0.03192702394526796,0.0016289297931259162,0.008307541944942173,0.909431503502199
282,0.048379214855839715,0.03192702394526796,0.0016289297931259162,0.00798175598631699,0.9097572894608242
283,0.048379214855839715,0.03192702394526796,0.0016289297931259162,0.007655970027691806,0.9100830754194494
284,0.048379214855839715,0.03192702394526796,0.0016289297931259162,0.007655970027691806,0.9100830754194494
285,0.048379214855839715,0.03192702394526796,0.0016289297931259162,0.007493077048379215,0.910245968398762
286,0.048379214855839715,0.03192702394526796,0.0016289297931259162,0.007167291089754032,0.9105717543573872
287,0.048379214855839715,0.03192702394526796,0.0016289297931259162,0.007167291089754032,0.9105717543573872
288,0.048379214855839715,0.03192702394526796,0.001303143834500733,0.007167291089754032,0.9108975403160123
289,0.048379214855839715,0.03192702394526796,0.0011402508551881414,0.007330184069066623,0.9108975403160123
290,0.048379214855839715,0.03192702394526796,9.773578758755497E-4,0.007493077048379215,0.9108975403160123
291,0.048379214855839715,0.03192702394526796,9.773578758755497E-4,0.007330184069066623,0.9110604332953249
292,0.048379214855839715,0.03192702394526796,8.144648965629581E-4,0.00700439811044144,0.9115491122332627
293,0.048379214855839715,0.03192702394526796,6.515719172503665E-4,0.006352826193191073,0.9123635771298257
294,0.048379214855839715,0.03192702394526796,6.515719172503665E-4,0.006189933213878482,0.9125264701091383
295,0.048379214855839715,0.03192702394526796,6.515719172503665E-4,0.00602704023456589,0.9126893630884508
296,0.048379214855839715,0.03192702394526796,6.515719172503665E-4,0.005864147255253299,0.9128522560677634
297,0.048379214855839715,0.03192702394526796,6.515719172503665E-4,0.005864147255253299,0.9128522560677634
298,0.04821632187652712,0.03192702394526796,6.515719172503665E-4,0.00602704023456589,0.9128522560677634
299,0.04821632187652712,0.03192702394526796,6.515719172503665E-4,0.00602704023456589,0.9128522560677634
300,0.04821632187652712,0.03192702394526796,6.515719172503665E-4,0.00602704023456589,0.9128522560677634
301,0.04821632187652712,0.03192702394526796,6.515719172503665E-4,0.005864147255253299,0.913015149047076
302,0.04821632187652712,0.03192702394526796,6.515719172503665E-4,0.005864147255253299,0.913015149047076
303,0.04821632187652712,0.03192702394526796,4.886789379377749E-4,0.005864147255253299,0.9131780420263886
304,0.04821632187652712,0.03192702394526796,3.2578595862518323E-4,0.005864147255253299,0.9133409350057012
305,0.04821632187652712,0.03192702394526796,3.2578595862518323E-4,0.005701254275940707,0.9135038279850138
306,0.04821632187652712,0.03192702394526796,3.2578595862518323E-4,0.005375468317315524,0.913829613943639
307,0.04821632187652712,0.03192702394526796,3.2578595862518323E-4,0.005212575338002932,0.9139925069229516
308,0.04821632187652712,0.03192702394526796,3.2578595862518323E-4,0.00504968235869034,0.9141553999022642
309,0.04821632187652712,0.03192702394526796,3.2578595862518323E-4,0.00504968235869034,0.9141553999022642
310,0.04821632187652712,0.03192702394526796,3.2578595862518323E-4,0.004886789379377749,0.9143182928815768
311,0.04821632187652712,0.03192702394526796,3.2578595862518323E-4,0.004561003420752566,0.9146440788402019
312,0.04821632187652712,0.03192702394526796,3.2578595862518323E-4,0.004398110441439974,0.9148069718195145
313,0.04821632187652712,0.03192702394526796,3.2578595862518323E-4,0.004235217462127383,0.9149698647988271
314,0.04821632187652712,0.03192702394526796,3.2578595862518323E-4,0.004235217462127383,0.9149698647988271
315,0.04821632187652712,0.03192702394526796,1.6289297931259162E-4,0.004235217462127383,0.9151327577781397
316,0.04821632187652712,0.03192702394526796,1.6289297931259162E-4,0.004235217462127383,0.9151327577781397
317,0.04821632187652712,0.03192702394526796,1.6289297931259162E-4,0.003909431503502199,0.9154585437367649
318,0.04821632187652712,0.03192702394526796,1.6289297931259162E-4,0.0037465385241896073,0.9156214367160775
319,0.04821632187652712,0.03192702394526796,1.6289297931259162E-4,0.0034207525655644243,0.9159472226747027
320,0.04821632187652712,0.03192702394526796,1.6289297931259162E-4,0.0032578595862518323,0.9161101156540153
321,0.04821632187652712,0.03192702394526796,1.6289297931259162E-4,0.0029320736276266493,0.9164359016126405
322,0.04821632187652712,0.03192702394526796,1.6289297931259162E-4,0.002769180648314058,0.916598794591953
323,0.04821632187652712,0.03192702394526796,1.6289297931259162E-4,0.002769180648314058,0.916598794591953
324,0.04821632187652712,0.03192702394526796,1.6289297931259162E-4,0.002769180648314058,0.916598794591953
325,0.04821632187652712,0.03192702394526796,1.6289297931259162E-4,0.002606287669001466,0.9167616875712656
326,0.04821632187652712,0.03192702394526796,1.6289297931259162E-4,0.002606287669001466,0.9167616875712656
327,0.04821632187652712,0.03192702394526796,1.6289297931259162E-4,0.002606287669001466,0.9167616875712656
328,0.04821632187652712,0.03192702394526796,1.6289297931259162E-4,0.002606287669001466,0.9167616875712656
329,0.04821632187652712,0.03192702394526796,1.6289297931259162E-4,0.002606287669001466,0.9167616875712656
330,0.04821632187652712,0.03192702394526796,1.6289297931259162E-4,0.002606287669001466,0.9167616875712656
331,0.04821632187652712,0.03192702394526796,1.6289297931259162E-4,0.002606287669001466,0.9167616875712656
332,0.04821632187652712,0.03192702394526796,1.6289297931259162E-4,0.002280501710376283,0.9170874735298908
333,0.04821632187652712,0.03192702394526796,1.6289297931259162E-4,0.002280501710376283,0.9170874735298908
334,0.04821632187652712,0.03192702394526796,1.6289297931259162E-4,0.0021176087310636913,0.9172503665092034
335,0.04821632187652712,0.03192702394526796,1.6289297931259162E-4,0.001791822772438508,0.9175761524678286
336,0.04821632187652712,0.03192702394526796,1.6289297931259162E-4,0.001791822772438508,0.9175761524678286
337,0.04821632187652712,0.03192702394526796,1.6289297931259162E-4,0.001791822772438508,0.9175761524678286
338,0.04821632187652712,0.03192702394526796,1.6289297931259162E-4,0.001791822772438508,0.9175761524678286
339,0.04821632187652712,0.03192702394526796,1.6289297931259162E-4,0.001791822772438508,0.9175761524678286
340,0.04821632187652712,0.03192702394526796,1.6289297931259162E-4,0.001303143834500733,0.9180648314057664
341,0.04821632187652712,0.03192702394526796,1.6289297931259162E-4,0.001303143834500733,0.9180648314057664
342,0.04821632187652712,0.03192702394526796,1.6289297931259162E-4,0.001303143834500733,0.9180648314057664
343,0.04821632187652712,0.03192702394526796,0.0,0.001303143834500733,0.918227724385079
344,0.04821632187652712,0.03192702394526796,0.0,0.001303143834500733,0.918227724385079
345,0.04821632187652712,0.03192702394526796,0.0,0.001303143834500733,0.918227724385079
346,0.04821632187652712,0.03192702394526796,0.0,0.001303143834500733,0.918227724385079
347,0.04821632187652712,0.03192702394526796,0.0,0.001303143834500733,0.918227724385079
348,0.04821632187652712,0.03192702394526796,0.0,0.0011402508551881414,0.9183906173643916
349,0.04821632187652712,0.03192702394526796,0.0,0.0011402508551881414,0.9183906173643916
350,0.04821632187652712,0.03192702394526796,0.0,0.0011402508551881414,0.9183906173643916
351,0.04821632187652712,0.03192702394526796,0.0,0.0011402508551881414,0.9183906173643916
352,0.04821632187652712,0.03192702394526796,0.0,0.0011402508551881414,0.9183906173643916
353,0.04821632187652712,0.03192702394526796,0.0,0.0011402508551881414,0.9183906173643916
354,0.04821632187652712,0.03192702394526796,0.0,0.0011402508551881414,0.9183906173643916
355,0.04821632187652712,0.03192702394526796,0.0,0.0011402508551881414,0.9183906173643916
356,0.04821632187652712,0.03192702394526796,0.0,0.0011402508551881414,0.9183906173643916
357,0.04821632187652712,0.03192702394526796,0.0,0.0011402508551881414,0.9183906173643916
358,0.04821632187652712,0.03192702394526796,0.0,0.0011402508551881414,0.9183906173643916
359,0.04821632187652712,0.03192702394526796,0.0,0.0011402508551881414,0.9183906173643916
360,0.04821632187652712,0.03192702394526796,0.0,0.0011402508551881414,0.9183906173643916
361,0.04821632187652712,0.03192702394526796,0.0,0.0011402508551881414,0.9183906173643916
362,0.04821632187652712,0.03192702394526796,0.0,0.0011402508551881414,0.9183906173643916
363,0.04821632187652712,0.03192702394526796,0.0,0.0011402508551881414,0.9183906173643916
364,0.04821632187652712,0.03192702394526796,0.0,0.0011402508551881414,0.9183906173643916
365,0.04821632187652712,0.03192702394526796,0.0,9.773578758755497E-4,0.9185535103437041
366,0.04821632187652712,0.03192702394526796,0.0,9.773578758755497E-4,0.9185535103437041
367,0.04821632187652712,0.03192702394526796,0.0,9.773578758755497E-4,0.9185535103437041
368,0.04821632187652712,0.03192702394526796,0.0,6.515719172503665E-4,0.9188792963023293
369,0.04821632187652712,0.03192702394526796,0.0,6.515719172503665E-4,0.9188792963023293
370,0.04821632187652712,0.03192702394526796,0.0,6.515719172503665E-4,0.9188792963023293
371,0.04821632187652712,0.03192702394526796,0.0,6.515719172503665E-4,0.9188792963023293
372,0.04821632187652712,0.03192702394526796,0.0,6.515719172503665E-4,0.9188792963023293
373,0.04821632187652712,0.03192702394526796,0.0,6.515719172503665E-4,0.9188792963023293
374,0.04821632187652712,0.03192702394526796,0.0,6.515719172503665E-4,0.9188792963023293
375,0.04821632187652712,0.03192702394526796,0.0,6.515719172503665E-4,0.9188792963023293
376,0.04821632187652712,0.03192702394526796,0.0,4.886789379377749E-4,0.9190421892816419
377,0.04821632187652712,0.03192702394526796,0.0,4.886789379377749E-4,0.9190421892816419
378,0.04821632187652712,0.03192702394526796,0.0,4.886789379377749E-4,0.9190421892816419
379,0.04821632187652712,0.03192702394526796,0.0,4.886789379377749E-4,0.9190421892816419
380,0.04821632187652712,0.03192702394526796,0.0,4.886789379377749E-4,0.9190421892816419
381,0.04821632187652712,0.03192702394526796,0.0,4.886789379377749E-4,0.9190421892816419
382,0.04821632187652712,0.03192702394526796,0.0,4.886789379377749E-4,0.9190421892816419
383,0.04821632187652712,0.03192702394526796,0.0,4.886789379377749E-4,0.9190421892816419
384,0.04821632187652712,0.03192702394526796,0.0,4.886789379377749E-4,0.9190421892816419
385,0.04821632187652712,0.03192702394526796,0.0,4.886789379377749E-4,0.9190421892816419
386,0.04821632187652712,0.03192702394526796,0.0,4.886789379377749E-4,0.9190421892816419
387,0.04821632187652712,0.03192702394526796,0.0,4.886789379377749E-4,0.9190421892816419
388,0.04821632187652712,0.03192702394526796,0.0,4.886789379377749E-4,0.9190421892816419
389,0.04821632187652712,0.03192702394526796,0.0,4.886789379377749E-4,0.9190421892816419
390,0.04821632187652712,0.03192702394526796,0.0,4.886789379377749E-4,0.9190421892816419
391,0.04821632187652712,0.03192702394526796,0.0,4.886789379377749E-4,0.9190421892816419
392,0.04821632187652712,0.03192702394526796,0.0,4.886789379377749E-4,0.9190421892816419
393,0.04821632187652712,0.03192702394526796,0.0,4.886789379377749E-4,0.9190421892816419
394,0.04821632187652712,0.03192702394526796,0.0,3.2578595862518323E-4,0.9192050822609545
395,0.04821632187652712,0.03192702394526796,0.0,1.6289297931259162E-4,0.9193679752402671
396,0.04821632187652712,0.03192702394526796,0.0,1.6289297931259162E-4,0.9193679752402671
397,0.04821632187652712,0.03192702394526796,0.0,0.0,0.9195308682195797
398,0.04821632187652712,0.03192702394526796,0.0,0.0,0.9195308682195797
399,0.04821632187652712,0.03192702394526796,0.0,0.0,0.9195308682195797
400,0.04821632187652712,0.03192702394526796,0.0,0.0,0.9195308682195797
401,0.04821632187652712,0.03192702394526796,0.0,0.0,0.9195308682195797
402,0.04821632187652712,0.03192702394526796,0.0,0.0,0.9195308682195797
403,0.04821632187652712,0.03192702394526796,0.0,0.0,0.9195308682195797
404,0.04821632187652712,0.03192702394526796,0.0,0.0,0.9195308682195797
405,0.04821632187652712,0.03192702394526796,0.0,0.0,0.9195308682195797
406,0.04821632187652712,0.03192702394526796,0.0,0.0,0.9195308682195797
407,0.04821632187652712,0.03192702394526796,0.0,0.0,0.9195308682195797
408,0.04821632187652712,0.03192702394526796,0.0,0.0,0.9195308682195797
409,0.04821632187652712,0.03192702394526796,0.0,-1.6289297931259162E-4,0.9196937611988923
410,0.04821632187652712,0.03192702394526796,0.0,-1.6289297931259162E-4,0.9196937611988923
411,0.04821632187652712,0.03192702394526796,0.0,-1.6289297931259162E-4,0.9196937611988923
412,0.04821632187652712,0.03192702394526796,0.0,-1.6289297931259162E-4,0.9196937611988923
413,0.04821632187652712,0.03192702394526796,0.0,-1.6289297931259162E-4,0.9196937611988923
414,0.04821632187652712,0.03192702394526796,0.0,-1.6289297931259162E-4,0.9196937611988923
415,0.04821632187652712,0.03192702394526796,0.0,-1.6289297931259162E-4,0.9196937611988923
416,0.04821632187652712,0.03192702394526796,0.0,-1.6289297931259162E-4,0.9196937611988923
417,0.04821632187652712,0.03192702394526796,0.0,-1.6289297931259162E-4,0.9196937611988923
418,0.04821632187652712,0.03192702394526796,0.0,-1.6289297931259162E-4,0.9196937611988923
419,0.04821632187652712,0.03192702394526796,0.0,-1.6289297931259162E-4,0.9196937611988923
420,0.04821632187652712,0.03192702394526796,0.0,-1.6289297931259162E-4,0.9196937611988923
421,0.04821632187652712,0.03192702394526796,0.0,-1.6289297931259162E-4,0.9196937611988923
422,0.04821632187652712,0.03192702394526796,0.0,-1.6289297931259162E-4,0.9196937611988923
423,0.04821632187652712,0.03192702394526796,0.0,-1.6289297931259162E-4,0.9196937611988923
424,0.04821632187652712,0.03192702394526796,0.0,-1.6289297931259162E-4,0.9196937611988923
425,0.04821632187652712,0.03192702394526796,0.0,-1.6289297931259162E-4,0.9196937611988923
426,0.04821632187652712,0.03192702394526796,0.0,-1.6289297931259162E-4,0.9196937611988923
427,0.04821632187652712,0.03192702394526796,0.0,-1.6289297931259162E-4,0.9196937611988923
428,0.04821632187652712,0.03192702394526796,0.0,-1.6289297931259162E-4,0.9196937611988923
429,0.04821632187652712,0.03192702394526796,0.0,-1.6289297931259162E-4,0.9196937611988923
430,0.04821632187652712,0.03192702394526796,0.0,-1.6289297931259162E-4,0.9196937611988923
431,0.04821632187652712,0.03192702394526796,0.0,-1.6289297931259162E-4,0.9196937611988923
432,0.04821632187652712,0.03192702394526796,0.0,-1.6289297931259162E-4,0.9196937611988923
433,0.04821632187652712,0.03192702394526796,0.0,-1.6289297931259162E-4,0.9196937611988923
434,0.04821632187652712,0.03192702394526796,0.0,-1.6289297931259162E-4,0.9196937611988923
435,0.04821632187652712,0.03192702394526796,0.0,-1.6289297931259162E-4,0.9196937611988923
436,0.04821632187652712,0.03192702394526796,0.0,-1.6289297931259162E-4,0.9196937611988923
437,0.04821632187652712,0.03192702394526796,0.0,-1.6289297931259162E-4,0.9196937611988923
438,0.04821632187652712,0.03192702394526796,0.0,-1.6289297931259162E-4,0.9196937611988923
439,0.04821632187652712,0.03192702394526796,0.0,-1.6289297931259162E-4,0.9196937611988923
440,0.04821632187652712,0.03192702394526796,0.0,-1.6289297931259162E-4,0.9196937611988923
441,0.04821632187652712,0.03192702394526796,0.0,-1.6289297931259162E-4,0.9196937611988923
442,0.04821632187652712,0.03192702394526796,0.0,-1.6289297931259162E-4,0.9196937611988923
443,0.04821632187652712,0.03192702394526796,0.0,-1.6289297931259162E-4,0.9196937611988923
444,0.04821632187652712,0.03192702394526796,0.0,-1.6289297931259162E-4,0.9196937611988923
445,0.04821632187652712,0.03192702394526796,0.0,-1.6289297931259162E-4,0.9196937611988923
446,0.04821632187652712,0.03192702394526796,0.0,-1.6289297931259162E-4,0.9196937611988923
447,0.04821632187652712,0.03192702394526796,0.0,-1.6289297931259162E-4,0.9196937611988923
448,0.04821632187652712,0.03192702394526796,0.0,-1.6289297931259162E-4,0.9196937611988923
449,0.04821632187652712,0.03192702394526796,0.0,-1.6289297931259162E-4,0.9196937611988923
450,0.04821632187652712,0.03192702394526796,0.0,-1.6289297931259162E-4,0.9196937611988923
451,0.04821632187652712,0.03192702394526796,0.0,-1.6289297931259162E-4,0.9196937611988923
452,0.04821632187652712,0.03192702394526796,0.0,-1.6289297931259162E-4,0.9196937611988923
453,0.04821632187652712,0.03192702394526796,0.0,-1.6289297931259162E-4,0.9196937611988923
454,0.04821632187652712,0.03192702394526796,0.0,-1.6289297931259162E-4,0.9196937611988923
455,0.04821632187652712,0.03192702394526796,0.0,-1.6289297931259162E-4,0.9196937611988923
456,0.04821632187652712,0.03192702394526796,0.0,-1.6289297931259162E-4,0.9196937611988923
457,0.04821632187652712,0.03192702394526796,0.0,-1.6289297931259162E-4,0.9196937611988923
458,0.04821632187652712,0.03192702394526796,0.0,-1.6289297931259162E-4,0.9196937611988923
459,0.04821632187652712,0.03192702394526796,0.0,-1.6289297931259162E-4,0.9196937611988923
460,0.04821632187652712,0.03192702394526796,0.0,-1.6289297931259162E-4,0.9196937611988923
461,0.04821632187652712,0.03192702394526796,0.0,-1.6289297931259162E-4,0.9196937611988923
462,0.04821632187652712,0.03192702394526796,0.0,-1.6289297931259162E-4,0.9196937611988923
463,0.04821632187652712,0.03192702394526796,0.0,-1.6289297931259162E-4,0.9196937611988923
464,0.04821632187652712,0.03192702394526796,0.0,-1.6289297931259162E-4,0.9196937611988923
465,0.04821632187652712,0.03192702394526796,0.0,-1.6289297931259162E-4,0.9196937611988923
466,0.04821632187652712,0.03192702394526796,0.0,-1.6289297931259162E-4,0.9196937611988923
467,0.04821632187652712,0.03192702394526796,0.0,-1.6289297931259162E-4,0.9196937611988923
468,0.04821632187652712,0.03192702394526796,0.0,-1.6289297931259162E-4,0.9196937611988923
469,0.04821632187652712,0.03192702394526796,0.0,-1.6289297931259162E-4,0.9196937611988923
470,0.04821632187652712,0.03192702394526796,0.0,-1.6289297931259162E-4,0.9196937611988923
471,0.04821632187652712,0.03192702394526796,0.0,-1.6289297931259162E-4,0.9196937611988923
472,0.04821632187652712,0.03192702394526796,0.0,-1.6289297931259162E-4,0.9196937611988923
473,0.04821632187652712,0.03192702394526796,0.0,-1.6289297931259162E-4,0.9196937611988923
474,0.04821632187652712,0.03192702394526796,0.0,-1.6289297931259162E-4,0.9196937611988923
475,0.04821632187652712,0.03192702394526796,0.0,-1.6289297931259162E-4,0.9196937611988923
476,0.04821632187652712,0.03192702394526796,0.0,-1.6289297931259162E-4,0.9196937611988923
477,0.04821632187652712,0.03192702394526796,0.0,-1.6289297931259162E-4,0.9196937611988923
478,0.04821632187652712,0.03192702394526796,0.0,-1.6289297931259162E-4,0.9196937611988923
479,0.04821632187652712,0.03192702394526796,0.0,-1.6289297931259162E-4,0.9196937611988923
480,0.04821632187652712,0.03192702394526796,0.0,-1.6289297931259162E-4,0.9196937611988923
481,0.04821632187652712,0.03192702394526796,0.0,-1.6289297931259162E-4,0.9196937611988923
482,0.04821632187652712,0.03192702394526796,0.0,-1.6289297931259162E-4,0.9196937611988923
483,0.04821632187652712,0.03192702394526796,0.0,-1.6289297931259162E-4,0.9196937611988923
484,0.04821632187652712,0.03192702394526796,0.0,-1.6289297931259162E-4,0.9196937611988923
485,0.04821632187652712,0.03192702394526796,0.0,-1.6289297931259162E-4,0.9196937611988923
486,0.04821632187652712,0.03192702394526796,0.0,-1.6289297931259162E-4,0.9196937611988923
487,0.04821632187652712,0.03192702394526796,0.0,-1.6289297931259162E-4,0.9196937611988923
488,0.04821632187652712,0.03192702394526796,0.0,-1.6289297931259162E-4,0.9196937611988923
489,0.04821632187652712,0.03192702394526796,0.0,-1.6289297931259162E-4,0.9196937611988923
490,0.04821632187652712,0.03192702394526796,0.0,-1.6289297931259162E-4,0.9196937611988923
491,0.04821632187652712,0.03192702394526796,0.0,-1.6289297931259162E-4,0.9196937611988923
492,0.04821632187652712,0.03192702394526796,0.0,-1.6289297931259162E-4,0.9196937611988923
493,0.04821632187652712,0.03192702394526796,0.0,-1.6289297931259162E-4,0.9196937611988923
494,0.04821632187652712,0.03192702394526796,0.0,-1.6289297931259162E-4,0.9196937611988923
495,0.04821632187652712,0.03192702394526796,0.0,-1.6289297931259162E-4,0.9196937611988923
496,0.04821632187652712,0.03192702394526796,0.0,-1.6289297931259162E-4,0.9196937611988923
497,0.04821632187652712,0.03192702394526796,0.0,-1.6289297931259162E-4,0.9196937611988923
498,0.04821632187652712,0.03192702394526796,0.0,-1.6289297931259162E-4,0.9196937611988923
499,0.04821632187652712,0.03192702394526796,0.0,-1.6289297931259162E-4,0.9196937611988923
