0,0.695,0.3,0,0.005,0
1,0.6836618341749471,0.2940218276592279,0.011239615572568822,0.010262257696693273,4.886789379377749E-4
2,0.6758429711679427,0.29255579084541455,0.017918227724385078,0.012379866427756963,9.773578758755497E-4
3,0.6673725362436879,0.29043818211435085,0.025574197752076887,0.014334582179508063,0.0019547157517510994
4,0.6603681381332465,0.2876690014660368,0.03192702394526796,0.017429548786447303,0.002280501710376283
5,0.6488027366020525,0.28522560677634795,0.04235217462127382,0.02019872943476136,0.003094966606939241
6,0.6364228701742954,0.28082749633490794,0.05391757615246783,0.02508551881413911,0.0034207525655644243
7,0.6209480371395992,0.2759407069555302,0.06727480045610035,0.031438345007330185,0.00407232448281479
8,0.603518488353152,0.2710539175761525,0.08144648965629582,0.03811695715914644,0.005538361296628116
9,0.5860889395667047,0.26584134223814954,0.09692132269099202,0.044306890373024925,0.006515719172503665
10,0.5657273171526307,0.25965140902427103,0.1146766574360645,0.05098550252484118,0.008633327903567356
11,0.5424336211109301,0.25476461964489333,0.1343867079328881,0.05717543573871966,0.010913829613943639
12,0.5220719986968562,0.2471086496172015,0.15246782863658576,0.06450561980778628,0.013520117282945105
13,0.504968235869034,0.24173318129988597,0.16582505294021826,0.07085844600097736,0.01628929793125916
14,0.4888418309170875,0.23700928489982082,0.17755334745072487,0.07672259325623065,0.019547157517510995
15,0.47222674702720313,0.23098224466525494,0.18748981918879296,0.08519302818048542,0.02378237497963838
16,0.4565890210131943,0.22462941847206386,0.19758918390617364,0.09284899820817723,0.02801759244176576
17,0.44437204756474996,0.21827659227887278,0.2023130803062388,0.10343704186349569,0.03127545202801759
18,0.4302003583645545,0.2122495520443069,0.20850301352011727,0.11386219253950154,0.034859097572894605
19,0.41586577618504644,0.20573383287180322,0.21713634142368463,0.12151816256719336,0.03942010099364717
20,0.39859912037791173,0.19938100667861214,0.22837595699625346,0.1303143834500733,0.04300374653852419
21,0.3878481837432807,0.19563446815442254,0.23244828147906826,0.1361785307053266,0.04756474995927676
22,0.3749796383775859,0.19091057175435738,0.23814953575500897,0.14171689200195473,0.05391757615246783
23,0.36292555790845415,0.18586088939566706,0.2414073953412608,0.15100179182277243,0.0584785795732204
24,0.3482651897703209,0.17999674214041375,0.24841179345170222,0.1597980127056524,0.06320247597328556
25,0.33409350057012543,0.175109952761036,0.2555790845414563,0.1674539827333442,0.06743769343541293
26,0.3210620622251181,0.16908291252647012,0.26225769669327254,0.17608731063691155,0.07118423195960254
27,0.3086821957973611,0.16468480208503014,0.26747027203127544,0.18178856491285225,0.07704837921485584
28,0.2974425802247923,0.16061247760221534,0.26975077374165174,0.18797849812673073,0.08388988434598468
29,0.2883205733832872,0.1552370092848998,0.26926209480371394,0.19710050496823586,0.08975403160123799
30,0.2783841016452191,0.15197914969864798,0.2708910245968399,0.20198729434761362,0.09643264375305424
31,0.2708910245968399,0.14741814627789543,0.272845740348591,0.20540804691317804,0.1031112559048705
32,0.26388662648639843,0.14236846391920507,0.2702394526795895,0.2102948362925558,0.11288483466362599
33,0.2573709073138948,0.13845903241570287,0.26763316501058804,0.21648476950643428,0.11972633979475485
34,0.2515067600586415,0.13552695878807625,0.26372373350708583,0.22071998696856165,0.12819677471900962
35,0.24287343215507412,0.1325948851604496,0.2627463756312103,0.22609545528587718,0.13536406580876365
36,0.237335070858446,0.1303143834500733,0.261280338817397,0.23065645870662974,0.1400879622088288
37,0.2311451376445675,0.12591627300863334,0.2589998371070207,0.23505456914806971,0.14855839713308355
38,0.22267470272031276,0.1246131291741326,0.25851115816908293,0.23684639192050821,0.15702883205733834
39,0.21648476950643428,0.12168105554650595,0.25785958625183253,0.23977846554813487,0.16387033718846716
40,0.21143508714774392,0.11956344681544226,0.2559048705000814,0.2433621110930119,0.1694086984850953
41,0.20736276266492915,0.11712005212575338,0.2539501547483303,0.24450236194820002,0.17673888255416192
42,0.20133572243036324,0.1150024433946897,0.25264701091382963,0.24857468643101482,0.18211435087147743
43,0.1962860400716729,0.1127219416843134,0.2515067600586415,0.2503665092034533,0.1887929630232937
44,0.19188792963023293,0.1107672259325623,0.24759732855513927,0.2531356898517674,0.1962860400716729
45,0.1868382472715426,0.10864961720149861,0.245316826844763,0.25623065645870663,0.202638866264864
46,0.18439485258185373,0.10653200847043492,0.2415702883205734,0.25639354943801923,0.21078351523049357
47,0.1808112070369767,0.10376282782212087,0.23880110767225932,0.2586740511483955,0.2176250203616224
48,0.17771624043003748,0.10229679100830755,0.23505456914806971,0.2594885160449585,0.22511809741000163
49,0.17445838084378562,0.10083075419449422,0.23033067274800456,0.26242058967258514,0.2316338165825053
50,0.1712005212575338,0.09822446652549276,0.22674702720312753,0.2629092686105229,0.24059293044469784
51,0.1672910897540316,0.09626975077374166,0.22397784655481348,0.2647010913829614,0.24743443557582667
52,0.16207851441602866,0.09496660693924092,0.22316338165825053,0.2663300211760873,0.2531356898517674
53,0.15882065482977684,0.09268610522886464,0.21843948525818538,0.2687734158657762,0.2609545528587718
54,0.1553999022642124,0.09073138947711354,0.21469294673399578,0.26795895096921324,0.2708910245968399
55,0.15246782863658576,0.08861378074604985,0.2101319433132432,0.2687734158657762,0.27968724547971985
56,0.15018732692620948,0.08714774393223652,0.20671119074767877,0.2704023456589021,0.28522560677634795
57,0.14741814627789543,0.08682195797361134,0.20296465222348917,0.2690992018244014,0.2933702557419775
58,0.14481185860889395,0.08519302818048542,0.20003257859586251,0.2686105228864636,0.3010262257696693
59,0.14171689200195473,0.08454145626323506,0.1967747190096107,0.2687734158657762,0.30786773090079816
60,0.1381332464570777,0.08307541944942173,0.1943313243199218,0.26958788076233914,0.3145463430526144
61,0.13568985176738882,0.08160938263560841,0.19025899983710703,0.26812184394852584,0.3239941358527447
62,0.13308356409838737,0.08030623880110767,0.18814139110604333,0.26551555627952433,0.3326274637563121
63,0.1306401694086985,0.07949177390454472,0.18618667535429223,0.26404951946571104,0.33930607590812834
64,0.12917413259488517,0.07737416517348103,0.18390617364391595,0.26372373350708583,0.34549600912200684
65,0.12738230982244667,0.07639680729760548,0.1791822772438508,0.26209480371395993,0.35461801596351195
66,0.1265678449258837,0.07509366346310474,0.1752728457403486,0.26176901775533473,0.36097084215670305
67,0.12428734321550741,0.07411630558722919,0.1729923440299723,0.2611174458380844,0.3671607753705815
68,0.12200684150513112,0.07330184069066623,0.16973448444372047,0.2611174458380844,0.3735136015637726
69,0.11956344681544226,0.07248737579410328,0.16696530379540642,0.2588369441277081,0.38182114350871477
70,0.11728294510506597,0.07151001791822773,0.16484769506434271,0.2575338002932074,0.388499755660531
71,0.11581690829125264,0.07118423195960254,0.1611011565401531,0.2554161915621437,0.3961557256882228
72,0.11369929956018895,0.07053266004235217,0.15686593907802573,0.2567193353966444,0.40185697996416353
73,0.11255904870500082,0.06939240918716404,0.15132757778139763,0.25606776347939403,0.4103274148884183
74,0.1109301189118749,0.06760058641472552,0.1479068252158332,0.25655644241733183,0.4166802410816094
75,0.10962697507737416,0.06694901449747516,0.14464896562958138,0.2536243687897052,0.42482489004723895
76,0.10783515230493566,0.0661345496009122,0.14269424987783028,0.2510180811207037,0.431992181136993
77,0.10669490144974751,0.06532008470434925,0.13959928327089102,0.24873757941032743,0.4393223652060596
78,0.10490307867730901,0.06466851278709887,0.13699299560188957,0.24466525492751262,0.44844437204756477
79,0.10408861378074605,0.06320247597328556,0.1342238149535755,0.24433946896888745,0.45381984036488027
80,0.10213389802899495,0.06303958299397296,0.13357224303632514,0.23994135852744747,0.4609871314546343
81,0.101319433132432,0.06255090405603518,0.1285225606776348,0.24043003746538524,0.46685127870988763
82,0.09969050333930607,0.06108486724222186,0.12510180811207036,0.24173318129988597,0.47206385404789053
83,0.09855025248411793,0.05994461638703372,0.12216973448444372,0.23863821469294674,0.4803713959928327
84,0.0972471086496172,0.059293044469783354,0.11988923277406743,0.23700928489982082,0.486235543248086
85,0.09594396481511647,0.05880436553184558,0.11728294510506597,0.2311451376445675,0.4964978009447793
86,0.09561817885649128,0.05798990063528262,0.11255904870500082,0.2313080306238801,0.50219905522072
87,0.09431503502199055,0.05750122169734485,0.11044143997393713,0.23065645870662974,0.5067600586414726
88,0.09284899820817723,0.05684964978009448,0.10848672422218603,0.2273985991203779,0.5140902427105392
89,0.0913829613943639,0.05603518488353152,0.10832383124287344,0.2256067763479394,0.5183254601726666
90,0.0894282456426128,0.054894934028343376,0.10653200847043492,0.22397784655481348,0.5248411793451703
91,0.08845088776673725,0.05424336211109301,0.10359993484280827,0.2216973448444372,0.5316826844762991
92,0.0874735298908617,0.05310311125590487,0.09969050333930607,0.22137155888581203,0.5380355106694902
93,0.08649617201498615,0.05294021827659228,0.0974100016289298,0.21909105717543573,0.5437367649454309
94,0.08600749307704839,0.05261443231796709,0.09561817885649128,0.21534451865124613,0.5500895911386219
95,0.08503013520117284,0.051799967421404136,0.09317478416680242,0.214204267796058,0.5554650594559375
96,0.08470434924254765,0.05163707444209155,0.09056849649780095,0.2120866590649943,0.5606776347939404
97,0.08454145626323506,0.051474181462778955,0.08910245968398763,0.2080143345821795,0.5665417820491937
98,0.08405277732529728,0.050822609545528585,0.08779931584948689,0.20410490307867732,0.5728946082423848
99,0.08307541944942173,0.050822609545528585,0.0874735298908617,0.2003583645544877,0.5779442906010751
100,0.08193516859423358,0.05000814464896563,0.08682195797361134,0.1987294347613618,0.5821795080632025
101,0.08112070369767063,0.04951946571102785,0.08584460009773578,0.1943313243199218,0.5888581202150187
102,0.08063202475973286,0.049356572731715266,0.08421567030460987,0.19091057175435738,0.5945593744909594
103,0.07949177390454472,0.049356572731715266,0.08242384753217136,0.18895585600260628,0.5994461638703372
104,0.07835152304935657,0.04919367975240267,0.08160938263560841,0.18537221045772928,0.6051474181462779
105,0.07786284411141879,0.04903078677309008,0.07900309496660694,0.1845577455611663,0.6092197426290927
106,0.07655970027691807,0.0485421078351523,0.07688548623554325,0.18390617364391595,0.6137807460498452
107,0.07558234240104252,0.04789053591790194,0.07509366346310474,0.1829288157680404,0.6181788564912852
108,0.07525655644241733,0.04707607102133898,0.07362762664929141,0.17999674214041375,0.6237172177879133
109,0.07444209154585438,0.04626160612477602,0.07183580387685291,0.1791822772438508,0.6279524352500407
110,0.07427919856654178,0.04593582016615084,0.06988108812510181,0.1769017755334745,0.6326763316501058
111,0.07346473366997883,0.04561003420752566,0.06776347939403812,0.1749470597817234,0.6378889069881089
112,0.07281316175272846,0.045284248248900476,0.0662974425802248,0.17103762827822122,0.6442417331812998
113,0.07183580387685291,0.0447955693109627,0.06483140576641147,0.17038605636097084,0.6478253787261768
114,0.07151001791822773,0.044306890373024925,0.06287669001466037,0.16892001954715752,0.6520605961883043
115,0.07085844600097736,0.04398110441439974,0.06157354618015964,0.16777976869196937,0.6554813487538687
116,0.07053266004235217,0.04381821143508715,0.06124776022153445,0.16435901612640494,0.6597165662159961
117,0.0700439811044144,0.04349242547646196,0.060270402345658905,0.1619156214367161,0.6639517836781235
118,0.06955530216647662,0.04316663951783678,0.0584785795732204,0.1612640495194657,0.6672096432643753
119,0.06857794429060107,0.04316663951783678,0.05684964978009448,0.1594722267470272,0.6716077537058153
120,0.06841505131128849,0.0428408535592116,0.055872291904218926,0.1573546180159635,0.6751913992506923
121,0.0682521583319759,0.042677960579899005,0.054894934028343376,0.15442254438833686,0.6794266167128197
122,0.06760058641472552,0.04235217462127382,0.05391757615246783,0.1514904707607102,0.6843134060921974
123,0.06678612151816257,0.04218928164196123,0.05408046913178042,0.14725525329858283,0.6893630884508878
124,0.06646033555953738,0.04202638866264864,0.05277732529727969,0.14432317967095618,0.6940869848509529
125,0.0662974425802248,0.04202638866264864,0.05212575338002932,0.14253135689851767,0.6966932725199544
126,0.0662974425802248,0.04186349568333605,0.04951946571102785,0.14090242710539175,0.7010913829613944
127,0.0661345496009122,0.04186349568333605,0.04789053591790194,0.13862192539501547,0.7051637074442092
128,0.06580876364228702,0.04186349568333605,0.04723896400065157,0.13536406580876365,0.7093989249063365
129,0.06548297768366183,0.04186349568333605,0.045772927186838244,0.13340935005701254,0.7131454634305261
130,0.06499429874572406,0.04186349568333605,0.04495846229027529,0.1304772764293859,0.7173806808926535
131,0.0641798338491611,0.04153770972471087,0.04512135526958788,0.12738230982244667,0.7214530053754683
132,0.06385404789053592,0.04121192376608568,0.04414399739371233,0.1260791659879459,0.724385079003095
133,0.06352826193191073,0.0408861378074605,0.04251506760058642,0.12510180811207036,0.7276429385893468
134,0.06320247597328556,0.0408861378074605,0.04218928164196123,0.12233262746375631,0.7310636911549112
135,0.06271379703534778,0.04072324482814791,0.04137481674539827,0.11972633979475485,0.735136015637726
136,0.06271379703534778,0.04007167291089754,0.039908779931584946,0.11826030298094152,0.738719661182603
137,0.062388011076722594,0.039908779931584946,0.038931422055709396,0.1166313731878156,0.7418146277895423
138,0.06222511809741,0.03974588695227236,0.03811695715914644,0.1150024433946897,0.7445838084378563
139,0.06206222511809741,0.039582993972959765,0.03665092034533311,0.11304772764293859,0.7483303469620459
140,0.06206222511809741,0.039582993972959765,0.035510669490144975,0.11027854699462453,0.7522397784655481
141,0.06189933213878482,0.038931422055709396,0.034859097572894605,0.10864961720149861,0.7553347450724873
142,0.061736439159472224,0.038605636097084214,0.03290438182114351,0.1088125101808112,0.7576152467828636
143,0.06157354618015964,0.03844274311777163,0.03257859586251832,0.10588043655318456,0.7611988923277406
144,0.06124776022153445,0.03827985013845903,0.031764130965955366,0.10441439973937124,0.7639680729760547
145,0.06124776022153445,0.03811695715914644,0.031112559048705,0.10294836292555791,0.766248574686431
146,0.06108486724222186,0.03779117120052126,0.030298094152142043,0.10180811207036977,0.7686919693761199
147,0.06075908128359668,0.03713959928327089,0.030460987131454634,0.10001628929793126,0.7712982570451213
148,0.06075908128359668,0.03681381332464571,0.029809415214204268,0.0993647173806809,0.7729271868382472
149,0.06075908128359668,0.036488027366020526,0.02899495031764131,0.09773578758755498,0.7756963674865613
150,0.060596188304284086,0.036162241407395344,0.02801759244176576,0.0972471086496172,0.7776510832383124
151,0.060596188304284086,0.03599934842808275,0.027528913503827985,0.09496660693924092,0.780583156865939
152,0.06010750936634631,0.03599934842808275,0.02704023456589021,0.09317478416680242,0.7833523375142531
153,0.05994461638703372,0.03599934842808275,0.026714448607265028,0.09170874735298909,0.7853070532660043
154,0.05994461638703372,0.03599934842808275,0.025574197752076887,0.09024271053917576,0.7879133409350056
155,0.05994461638703372,0.035836455448770156,0.02427105391757615,0.08877667372536244,0.7908454145626324
156,0.05978172340772113,0.035510669490144975,0.023456589021013195,0.08731063691154911,0.7936145952109465
157,0.05945593744909594,0.035510669490144975,0.02296791008307542,0.08600749307704839,0.79573220394201
158,0.059293044469783354,0.03534777651083238,0.022153445186512463,0.08519302818048542,0.7976869196937612
159,0.059293044469783354,0.0350219905522072,0.021664766248574687,0.08388988434598468,0.7998045284248249
160,0.05913015149047076,0.0350219905522072,0.020850301352011727,0.08388988434598468,0.8007818863007005
161,0.058967258511158166,0.0350219905522072,0.020687408372699136,0.08144648965629582,0.8035510669490145
162,0.058967258511158166,0.0350219905522072,0.02003583645544877,0.08046913178042027,0.8051799967421405
163,0.05880436553184558,0.0350219905522072,0.019547157517510995,0.07786284411141879,0.8084378563283923
164,0.05880436553184558,0.0350219905522072,0.019221371558885814,0.07688548623554325,0.809741000162893
165,0.058641472552532985,0.0350219905522072,0.019221371558885814,0.07541944942172993,0.8113699299560189
166,0.058641472552532985,0.0350219905522072,0.01889558560026063,0.07362762664929141,0.8134875386870826
167,0.058641472552532985,0.0350219905522072,0.017918227724385078,0.073790519628604,0.8143020035836456
168,0.058641472552532985,0.0350219905522072,0.01694086984850953,0.0719986968561655,0.8170711842319596
169,0.058641472552532985,0.0350219905522072,0.016615083889884346,0.07036976706303959,0.8190258999837107
170,0.058641472552532985,0.034859097572894605,0.01580061899332139,0.06971819514578921,0.8206548297768366
171,0.0584785795732204,0.034859097572894605,0.015637726014008795,0.06841505131128849,0.8222837595699626
172,0.0584785795732204,0.034859097572894605,0.01498615409675843,0.06743769343541293,0.8239126893630885
173,0.05815279361459521,0.034859097572894605,0.015149047076071022,0.06564587066297442,0.8258674051148396
174,0.05798990063528262,0.034859097572894605,0.014497475158820656,0.0643427268284737,0.8279850138459033
175,0.05798990063528262,0.034533311614269424,0.014334582179508063,0.06369115491122333,0.8291252647010914
176,0.05782700765597003,0.034533311614269424,0.01417168920019547,0.06255090405603518,0.8305913015149047
177,0.057664114676657434,0.034533311614269424,0.013845903241570288,0.06141065320084704,0.8322202313080306
178,0.057664114676657434,0.034533311614269424,0.013357224303632514,0.06108486724222186,0.8330346962045936
179,0.057664114676657434,0.034533311614269424,0.013357224303632514,0.05945593744909594,0.8346636259977195
180,0.057664114676657434,0.034533311614269424,0.012379866427756963,0.05913015149047076,0.8359667698322202
181,0.057664114676657434,0.034533311614269424,0.012216973448444373,0.05750122169734485,0.8377585926046588
182,0.057664114676657434,0.034533311614269424,0.01205408046913178,0.056523863821469296,0.8388988434598469
183,0.05750122169734485,0.034533311614269424,0.011728294510506597,0.054569148069718194,0.8413422381495358
184,0.05717543573871966,0.034533311614269424,0.011728294510506597,0.054569148069718194,0.8416680241081609
185,0.05717543573871966,0.034533311614269424,0.011728294510506597,0.053591790193842644,0.8426453819840365
186,0.05717543573871966,0.034533311614269424,0.011565401531194005,0.05261443231796709,0.8437856328392246
187,0.05717543573871966,0.034533311614269424,0.011565401531194005,0.05131128848346636,0.8450887766737254
188,0.05701254275940707,0.034533311614269424,0.011239615572568822,0.05131128848346636,0.8455774556116631
189,0.05668675680078188,0.034533311614269424,0.010913829613943639,0.050822609545528585,0.8467177064668513
190,0.05668675680078188,0.034533311614269424,0.010750936634631048,0.04919367975240267,0.8485095292392898
191,0.05668675680078188,0.034533311614269424,0.010750936634631048,0.04756474995927676,0.8501384590324157
192,0.056523863821469296,0.034533311614269424,0.00993647173806809,0.04691317804202639,0.8517673888255416
193,0.056523863821469296,0.034533311614269424,0.009773578758755497,0.045772927186838244,0.8530705326600424
194,0.056523863821469296,0.034533311614269424,0.009284899820817722,0.044632676331650106,0.8546994624531683
195,0.056198077862844115,0.034533311614269424,0.009610685779442907,0.04414399739371233,0.855188141391106
196,0.05603518488353152,0.034533311614269424,0.009447792800130314,0.04316663951783678,0.8564912852256068
197,0.055872291904218926,0.034533311614269424,0.008796220882879948,0.04186349568333605,0.8586088939566705
198,0.055872291904218926,0.034533311614269424,0.00814464896562958,0.04121192376608568,0.8599120377911712
199,0.055872291904218926,0.034533311614269424,0.00814464896562958,0.039582993972959765,0.8615409675842971
200,0.05570939892490634,0.034533311614269424,0.00798175598631699,0.039582993972959765,0.8618667535429223
201,0.055546505945593745,0.034533311614269424,0.007655970027691806,0.038605636097084214,0.8633327903567356
202,0.055546505945593745,0.034533311614269424,0.007655970027691806,0.037465385241896076,0.8644730412119238
203,0.05538361296628115,0.034533311614269424,0.007655970027691806,0.0369767063039583,0.8651246131291741
204,0.05538361296628115,0.034533311614269424,0.007493077048379215,0.03567356246945757,0.8665906499429875
205,0.05538361296628115,0.034533311614269424,0.007493077048379215,0.03437041863495683,0.8678937937774882
206,0.05538361296628115,0.03437041863495683,0.007167291089754032,0.03404463267633165,0.8687082586740511
207,0.05538361296628115,0.03437041863495683,0.0068415051311288486,0.03355595373839387,0.8695227235706141
208,0.05538361296628115,0.03437041863495683,0.006515719172503665,0.03257859586251832,0.8708258674051148
209,0.05538361296628115,0.03437041863495683,0.006515719172503665,0.03192702394526796,0.8714774393223652
210,0.05538361296628115,0.03437041863495683,0.006352826193191073,0.031112559048705,0.8724547971982407
211,0.05538361296628115,0.03437041863495683,0.00602704023456589,0.030135201172829452,0.8737579410327415
212,0.05538361296628115,0.03437041863495683,0.00602704023456589,0.029809415214204268,0.8740837269913667
213,0.05538361296628115,0.03437041863495683,0.00602704023456589,0.028506271379703536,0.8753868708258674
214,0.055220719986968564,0.03437041863495683,0.006189933213878482,0.027691806483140576,0.8762013357224303
215,0.055220719986968564,0.03437041863495683,0.00602704023456589,0.027366020524515394,0.8766900146603681
216,0.055220719986968564,0.03437041863495683,0.005864147255253299,0.02687734158657762,0.8773415865776185
217,0.055220719986968564,0.03437041863495683,0.005701254275940707,0.026225769669327253,0.8781560514741814
218,0.05505782700765597,0.03437041863495683,0.005701254275940707,0.025411304772764293,0.879133409350057
219,0.05505782700765597,0.03437041863495683,0.005212575338002932,0.025411304772764293,0.8796220882879948
220,0.05505782700765597,0.03437041863495683,0.004886789379377749,0.024922625834826517,0.8804365531845577
221,0.05505782700765597,0.03437041863495683,0.004886789379377749,0.02427105391757615,0.8810881251018081
222,0.05505782700765597,0.03437041863495683,0.004398110441439974,0.02427105391757615,0.8815768040397459
223,0.05505782700765597,0.03437041863495683,0.004398110441439974,0.023619482000325785,0.8822283759569962
224,0.05505782700765597,0.03437041863495683,0.004235217462127383,0.023456589021013195,0.8825541619156214
225,0.05505782700765597,0.03437041863495683,0.004235217462127383,0.02280501710376283,0.8832057338328718
226,0.054894934028343376,0.03437041863495683,0.004398110441439974,0.022479231145137644,0.883531519791497
227,0.054894934028343376,0.03437041863495683,0.004235217462127383,0.02199055220719987,0.8841830917087473
228,0.054894934028343376,0.03437041863495683,0.004235217462127383,0.02117608731063691,0.8849975566053103
229,0.054894934028343376,0.03437041863495683,0.004235217462127383,0.020687408372699136,0.8854862355432481
230,0.05473204104903079,0.03437041863495683,0.004398110441439974,0.020361622414073955,0.8858120215018732
231,0.05473204104903079,0.03437041863495683,0.004398110441439974,0.020361622414073955,0.8858120215018732
232,0.05473204104903079,0.03437041863495683,0.00407232448281479,0.019547157517510995,0.8869522723570614
233,0.05473204104903079,0.03437041863495683,0.003909431503502199,0.01905847857957322,0.8876038442743118
234,0.05473204104903079,0.03437041863495683,0.0037465385241896073,0.018406906662322853,0.8884183091708747
235,0.05473204104903079,0.03437041863495683,0.0034207525655644243,0.018081120703697672,0.8890698810881251
236,0.05473204104903079,0.03437041863495683,0.0034207525655644243,0.017429548786447303,0.8897214530053754
237,0.05473204104903079,0.03437041863495683,0.0032578595862518323,0.017429548786447303,0.889884345984688
238,0.05473204104903079,0.03437041863495683,0.0032578595862518323,0.01694086984850953,0.8903730249226258
239,0.05473204104903079,0.03437041863495683,0.0032578595862518323,0.016452190910571755,0.8908617038605636
240,0.05473204104903079,0.03437041863495683,0.0032578595862518323,0.01628929793125916,0.8910245968398762
241,0.05473204104903079,0.03437041863495683,0.003094966606939241,0.01628929793125916,0.8911874898191888
242,0.05473204104903079,0.03437041863495683,0.0029320736276266493,0.015637726014008795,0.8920019547157517
243,0.05473204104903079,0.03437041863495683,0.002769180648314058,0.01580061899332139,0.8920019547157517
244,0.05473204104903079,0.03437041863495683,0.002769180648314058,0.015149047076071022,0.8926535266330021
245,0.05473204104903079,0.03437041863495683,0.002606287669001466,0.014823261117445839,0.8931422055709399
246,0.05473204104903079,0.03437041863495683,0.0024433946896888744,0.014497475158820656,0.8936308845088776
247,0.05473204104903079,0.03437041863495683,0.0024433946896888744,0.014497475158820656,0.8936308845088776
248,0.05473204104903079,0.03437041863495683,0.0024433946896888744,0.01417168920019547,0.8939566704675028
249,0.05473204104903079,0.03437041863495683,0.002280501710376283,0.013520117282945105,0.8947711353640658
250,0.05473204104903079,0.03437041863495683,0.002280501710376283,0.01303143834500733,0.8952598143020036
251,0.054569148069718194,0.03437041863495683,0.002280501710376283,0.01303143834500733,0.8954227072813161
252,0.054569148069718194,0.03437041863495683,0.002280501710376283,0.012379866427756963,0.8960742791985665
253,0.054569148069718194,0.03437041863495683,0.0021176087310636913,0.012216973448444373,0.8964000651571917
254,0.054569148069718194,0.03437041863495683,0.0021176087310636913,0.01205408046913178,0.8965629581365043
255,0.054569148069718194,0.03437041863495683,0.0021176087310636913,0.011565401531194005,0.8970516370744421
256,0.054569148069718194,0.03437041863495683,0.0021176087310636913,0.010913829613943639,0.8977032089916924
257,0.054569148069718194,0.03437041863495683,0.0021176087310636913,0.010913829613943639,0.8977032089916924
258,0.054569148069718194,0.03437041863495683,0.0019547157517510994,0.010750936634631048,0.8980289949503176
259,0.054569148069718194,0.03437041863495683,0.0016289297931259162,0.010750936634631048,0.8983547809089428
260,0.054569148069718194,0.03437041863495683,0.0016289297931259162,0.010425150676005863,0.898680566867568
261,0.054569148069718194,0.03437041863495683,0.0016289297931259162,0.010262257696693273,0.8988434598468806
262,0.054569148069718194,0.03437041863495683,0.0016289297931259162,0.00993647173806809,0.8991692458055058
263,0.054569148069718194,0.03437041863495683,0.0016289297931259162,0.009773578758755497,0.8993321387848183
264,0.054569148069718194,0.03420752565564424,0.0016289297931259162,0.009447792800130314,0.8998208177227561
265,0.054569148069718194,0.03420752565564424,0.0016289297931259162,0.009284899820817722,0.8999837107020687
266,0.054569148069718194,0.03420752565564424,0.0016289297931259162,0.008959113862192539,0.9003094966606939
267,0.054569148069718194,0.03420752565564424,0.001303143834500733,0.008796220882879948,0.9007981755986317
268,0.054569148069718194,0.03420752565564424,0.001303143834500733,0.008470434924254765,0.9011239615572569
269,0.054569148069718194,0.03420752565564424,0.001303143834500733,0.008470434924254765,0.9011239615572569
270,0.054569148069718194,0.03420752565564424,0.001303143834500733,0.008307541944942173,0.9012868545365694
271,0.054569148069718194,0.03420752565564424,0.001303143834500733,0.00814464896562958,0.901449747515882
272,0.054569148069718194,0.03420752565564424,0.0011402508551881414,0.00814464896562958,0.9016126404951946
273,0.054569148069718194,0.03404463267633165,0.0011402508551881414,0.00814464896562958,0.9017755334745072
274,0.054569148069718194,0.03404463267633165,0.0011402508551881414,0.00814464896562958,0.9017755334745072
275,0.054569148069718194,0.03404463267633165,0.0011402508551881414,0.007818863007004398,0.9021013194331324
276,0.054569148069718194,0.03388173969701906,9.773578758755497E-4,0.00814464896562958,0.9021013194331324
277,0.054569148069718194,0.03388173969701906,9.773578758755497E-4,0.007655970027691806,0.9025899983710702
278,0.054569148069718194,0.03388173969701906,9.773578758755497E-4,0.007655970027691806,0.9025899983710702
279,0.054569148069718194,0.03388173969701906,8.144648965629581E-4,0.007330184069066623,0.9030786773090079
280,0.054569148069718194,0.03388173969701906,8.144648965629581E-4,0.0068415051311288486,0.9035673562469457
281,0.054569148069718194,0.03388173969701906,6.515719172503665E-4,0.0068415051311288486,0.9037302492262583
282,0.054569148069718194,0.03388173969701906,6.515719172503665E-4,0.006352826193191073,0.9042189281641961
283,0.054569148069718194,0.03388173969701906,6.515719172503665E-4,0.006189933213878482,0.9043818211435087
284,0.054569148069718194,0.03388173969701906,6.515719172503665E-4,0.005701254275940707,0.9048705000814465
285,0.054569148069718194,0.03388173969701906,4.886789379377749E-4,0.005538361296628116,0.9051962860400716
286,0.054569148069718194,0.03388173969701906,4.886789379377749E-4,0.005375468317315524,0.9053591790193842
287,0.054569148069718194,0.03388173969701906,4.886789379377749E-4,0.00504968235869034,0.9056849649780094
288,0.054569148069718194,0.03388173969701906,4.886789379377749E-4,0.00504968235869034,0.9056849649780094
289,0.054569148069718194,0.03388173969701906,3.2578595862518323E-4,0.004886789379377749,0.9060107509366346
290,0.054569148069718194,0.03388173969701906,3.2578595862518323E-4,0.004723896400065157,0.9061736439159472
291,0.054569148069718194,0.03388173969701906,3.2578595862518323E-4,0.004561003420752566,0.9063365368952598
292,0.054569148069718194,0.03388173969701906,3.2578595862518323E-4,0.004561003420752566,0.9063365368952598
293,0.054569148069718194,0.03388173969701906,3.2578595862518323E-4,0.004561003420752566,0.9063365368952598
294,0.054569148069718194,0.03388173969701906,3.2578595862518323E-4,0.004561003420752566,0.9063365368952598
295,0.054569148069718194,0.03388173969701906,3.2578595862518323E-4,0.004398110441439974,0.9064994298745724
296,0.054569148069718194,0.03388173969701906,3.2578595862518323E-4,0.004398110441439974,0.9064994298745724
297,0.054569148069718194,0.03388173969701906,3.2578595862518323E-4,0.004398110441439974,0.9064994298745724
298,0.054569148069718194,0.03388173969701906,3.2578595862518323E-4,0.004398110441439974,0.9064994298745724
299,0.054569148069718194,0.03388173969701906,3.2578595862518323E-4,0.004398110441439974,0.9064994298745724
300,0.054569148069718194,0.03388173969701906,3.2578595862518323E-4,0.004398110441439974,0.9064994298745724
301,0.054569148069718194,0.03388173969701906,3.2578595862518323E-4,0.004398110441439974,0.9064994298745724
302,0.054569148069718194,0.03388173969701906,3.2578595862518323E-4,0.004235217462127383,0.906662322853885
303,0.054569148069718194,0.03388173969701906,3.2578595862518323E-4,0.00407232448281479,0.9068252158331976
304,0.054569148069718194,0.03388173969701906,3.2578595862518323E-4,0.00407232448281479,0.9068252158331976
305,0.054569148069718194,0.03388173969701906,3.2578595862518323E-4,0.00407232448281479,0.9068252158331976
306,0.054569148069718194,0.03388173969701906,3.2578595862518323E-4,0.00407232448281479,0.9068252158331976
307,0.054569148069718194,0.03388173969701906,3.2578595862518323E-4,0.003909431503502199,0.9069881088125101
308,0.054569148069718194,0.03388173969701906,3.2578595862518323E-4,0.003583645544877016,0.9073138947711353
309,0.054569148069718194,0.03388173969701906,3.2578595862518323E-4,0.0034207525655644243,0.9074767877504479
310,0.054569148069718194,0.03388173969701906,3.2578595862518323E-4,0.0034207525655644243,0.9074767877504479
311,0.054569148069718194,0.03388173969701906,3.2578595862518323E-4,0.0034207525655644243,0.9074767877504479
312,0.054569148069718194,0.03388173969701906,3.2578595862518323E-4,0.0032578595862518323,0.9076396807297605
313,0.054569148069718194,0.03388173969701906,3.2578595862518323E-4,0.0032578595862518323,0.9076396807297605
314,0.054569148069718194,0.03388173969701906,3.2578595862518323E-4,0.0029320736276266493,0.9079654666883857
315,0.054569148069718194,0.03388173969701906,3.2578595862518323E-4,0.002769180648314058,0.9081283596676983
316,0.054569148069718194,0.03388173969701906,3.2578595862518323E-4,0.0024433946896888744,0.9084541456263235
317,0.054569148069718194,0.03388173969701906,3.2578595862518323E-4,0.0024433946896888744,0.9084541456263235
318,0.054569148069718194,0.03388173969701906,3.2578595862518323E-4,0.002280501710376283,0.9086170386056361
319,0.054569148069718194,0.03388173969701906,3.2578595862518323E-4,0.002280501710376283,0.9086170386056361
320,0.054569148069718194,0.03388173969701906,3.2578595862518323E-4,0.002280501710376283,0.9086170386056361
321,0.054569148069718194,0.03388173969701906,3.2578595862518323E-4,0.0021176087310636913,0.9087799315849487
322,0.054569148069718194,0.03388173969701906,3.2578595862518323E-4,0.0021176087310636913,0.9087799315849487
323,0.054569148069718194,0.03388173969701906,3.2578595862518323E-4,0.0021176087310636913,0.9087799315849487
324,0.054569148069718194,0.03388173969701906,1.6289297931259162E-4,0.002280501710376283,0.9087799315849487
325,0.054569148069718194,0.03388173969701906,1.6289297931259162E-4,0.0021176087310636913,0.9089428245642612
326,0.0544062550904056,0.03388173969701906,3.2578595862518323E-4,0.0021176087310636913,0.9089428245642612
327,0.0544062550904056,0.03388173969701906,3.2578595862518323E-4,0.0021176087310636913,0.9089428245642612
328,0.0544062550904056,0.03388173969701906,3.2578595862518323E-4,0.0021176087310636913,0.9089428245642612
329,0.0544062550904056,0.03388173969701906,3.2578595862518323E-4,0.0021176087310636913,0.9089428245642612
330,0.0544062550904056,0.03388173969701906,3.2578595862518323E-4,0.0021176087310636913,0.9089428245642612
331,0.0544062550904056,0.03388173969701906,3.2578595862518323E-4,0.0021176087310636913,0.9089428245642612
332,0.0544062550904056,0.03388173969701906,3.2578595862518323E-4,0.0021176087310636913,0.9089428245642612
333,0.0544062550904056,0.03388173969701906,3.2578595862518323E-4,0.0021176087310636913,0.9089428245642612
334,0.0544062550904056,0.03388173969701906,3.2578595862518323E-4,0.0021176087310636913,0.9089428245642612
335,0.0544062550904056,0.03388173969701906,3.2578595862518323E-4,0.0021176087310636913,0.9089428245642612
336,0.0544062550904056,0.03388173969701906,3.2578595862518323E-4,0.0021176087310636913,0.9089428245642612
337,0.0544062550904056,0.03388173969701906,3.2578595862518323E-4,0.0021176087310636913,0.9089428245642612
338,0.0544062550904056,0.03388173969701906,3.2578595862518323E-4,0.0021176087310636913,0.9089428245642612
339,0.0544062550904056,0.03388173969701906,3.2578595862518323E-4,0.0021176087310636913,0.9089428245642612
340,0.0544062550904056,0.03388173969701906,3.2578595862518323E-4,0.0021176087310636913,0.9089428245642612
341,0.0544062550904056,0.03388173969701906,3.2578595862518323E-4,0.0019547157517510994,0.9091057175435738
342,0.0544062550904056,0.03388173969701906,3.2578595862518323E-4,0.0019547157517510994,0.9091057175435738
343,0.0544062550904056,0.03388173969701906,3.2578595862518323E-4,0.0019547157517510994,0.9091057175435738
344,0.0544062550904056,0.03388173969701906,3.2578595862518323E-4,0.0019547157517510994,0.9091057175435738
345,0.0544062550904056,0.03388173969701906,3.2578595862518323E-4,0.001791822772438508,0.9092686105228864
346,0.0544062550904056,0.03388173969701906,3.2578595862518323E-4,0.0016289297931259162,0.909431503502199
347,0.0544062550904056,0.03388173969701906,3.2578595862518323E-4,0.001303143834500733,0.9097572894608242
348,0.0544062550904056,0.03388173969701906,3.2578595862518323E-4,0.001303143834500733,0.9097572894608242
349,0.0544062550904056,0.03388173969701906,3.2578595862518323E-4,0.001303143834500733,0.9097572894608242
350,0.0544062550904056,0.03388173969701906,3.2578595862518323E-4,0.001303143834500733,0.9097572894608242
351,0.0544062550904056,0.03388173969701906,3.2578595862518323E-4,0.001303143834500733,0.9097572894608242
352,0.0544062550904056,0.03388173969701906,3.2578595862518323E-4,0.0011402508551881414,0.9099201824401368
353,0.0544062550904056,0.03388173969701906,3.2578595862518323E-4,0.0011402508551881414,0.9099201824401368
354,0.0544062550904056,0.03388173969701906,3.2578595862518323E-4,9.773578758755497E-4,0.9100830754194494
355,0.0544062550904056,0.03388173969701906,3.2578595862518323E-4,9.773578758755497E-4,0.9100830754194494
356,0.0544062550904056,0.03388173969701906,3.2578595862518323E-4,9.773578758755497E-4,0.9100830754194494
357,0.0544062550904056,0.03388173969701906,3.2578595862518323E-4,9.773578758755497E-4,0.9100830754194494
358,0.0544062550904056,0.03388173969701906,3.2578595862518323E-4,9.773578758755497E-4,0.9100830754194494
359,0.0544062550904056,0.03388173969701906,3.2578595862518323E-4,9.773578758755497E-4,0.9100830754194494
360,0.0544062550904056,0.03388173969701906,3.2578595862518323E-4,9.773578758755497E-4,0.9100830754194494
361,0.0544062550904056,0.03388173969701906,3.2578595862518323E-4,9.773578758755497E-4,0.9100830754194494
362,0.0544062550904056,0.03388173969701906,3.2578595862518323E-4,9.773578758755497E-4,0.9100830754194494
363,0.0544062550904056,0.03388173969701906,3.2578595862518323E-4,9.773578758755497E-4,0.9100830754194494
364,0.0544062550904056,0.03388173969701906,3.2578595862518323E-4,8.144648965629581E-4,0.910245968398762
365,0.0544062550904056,0.03388173969701906,3.2578595862518323E-4,6.515719172503665E-4,0.9104088613780746
366,0.0544062550904056,0.03388173969701906,3.2578595862518323E-4,6.515719172503665E-4,0.9104088613780746
367,0.0544062550904056,0.03388173969701906,3.2578595862518323E-4,6.515719172503665E-4,0.9104088613780746
368,0.0544062550904056,0.03388173969701906,3.2578595862518323E-4,6.515719172503665E-4,0.9104088613780746
369,0.0544062550904056,0.03388173969701906,3.2578595862518323E-4,6.515719172503665E-4,0.9104088613780746
370,0.0544062550904056,0.03388173969701906,3.2578595862518323E-4,6.515719172503665E-4,0.9104088613780746
371,0.0544062550904056,0.03388173969701906,3.2578595862518323E-4,6.515719172503665E-4,0.9104088613780746
372,0.0544062550904056,0.03388173969701906,3.2578595862518323E-4,6.515719172503665E-4,0.9104088613780746
373,0.0544062550904056,0.03388173969701906,3.2578595862518323E-4,6.515719172503665E-4,0.9104088613780746
374,0.0544062550904056,0.03388173969701906,3.2578595862518323E-4,6.515719172503665E-4,0.9104088613780746
375,0.0544062550904056,0.03388173969701906,3.2578595862518323E-4,3.2578595862518323E-4,0.9107346473366998
376,0.0544062550904056,0.03388173969701906,3.2578595862518323E-4,3.2578595862518323E-4,0.9107346473366998
377,0.0544062550904056,0.03388173969701906,3.2578595862518323E-4,3.2578595862518323E-4,0.9107346473366998
378,0.0544062550904056,0.03388173969701906,3.2578595862518323E-4,3.2578595862518323E-4,0.9107346473366998
379,0.0544062550904056,0.03388173969701906,3.2578595862518323E-4,3.2578595862518323E-4,0.9107346473366998
380,0.0544062550904056,0.03388173969701906,3.2578595862518323E-4,1.6289297931259162E-4,0.9108975403160123
381,0.0544062550904056,0.03388173969701906,3.2578595862518323E-4,1.6289297931259162E-4,0.9108975403160123
382,0.0544062550904056,0.03388173969701906,3.2578595862518323E-4,1.6289297931259162E-4,0.9108975403160123
383,0.0544062550904056,0.03388173969701906,3.2578595862518323E-4,1.6289297931259162E-4,0.9108975403160123
384,0.0544062550904056,0.03388173969701906,1.6289297931259162E-4,3.2578595862518323E-4,0.9108975403160123
385,0.0544062550904056,0.03388173969701906,1.6289297931259162E-4,3.2578595862518323E-4,0.9108975403160123
386,0.0544062550904056,0.03388173969701906,1.6289297931259162E-4,3.2578595862518323E-4,0.9108975403160123
387,0.0544062550904056,0.03388173969701906,1.6289297931259162E-4,3.2578595862518323E-4,0.9108975403160123
388,0.0544062550904056,0.03388173969701906,1.6289297931259162E-4,3.2578595862518323E-4,0.9108975403160123
389,0.0544062550904056,0.03388173969701906,1.6289297931259162E-4,3.2578595862518323E-4,0.9108975403160123
390,0.0544062550904056,0.03388173969701906,1.6289297931259162E-4,3.2578595862518323E-4,0.9108975403160123
391,0.0544062550904056,0.03388173969701906,1.6289297931259162E-4,3.2578595862518323E-4,0.9108975403160123
392,0.0544062550904056,0.03388173969701906,1.6289297931259162E-4,3.2578595862518323E-4,0.9108975403160123
393,0.0544062550904056,0.03388173969701906,1.6289297931259162E-4,3.2578595862518323E-4,0.9108975403160123
394,0.0544062550904056,0.03388173969701906,1.6289297931259162E-4,3.2578595862518323E-4,0.9108975403160123
395,0.0544062550904056,0.03388173969701906,1.6289297931259162E-4,3.2578595862518323E-4,0.9108975403160123
396,0.0544062550904056,0.03388173969701906,1.6289297931259162E-4,1.6289297931259162E-4,0.9110604332953249
397,0.0544062550904056,0.03388173969701906,1.6289297931259162E-4,1.6289297931259162E-4,0.9110604332953249
398,0.0544062550904056,0.03388173969701906,1.6289297931259162E-4,1.6289297931259162E-4,0.9110604332953249
399,0.0544062550904056,0.03388173969701906,1.6289297931259162E-4,1.6289297931259162E-4,0.9110604332953249
400,0.0544062550904056,0.03388173969701906,1.6289297931259162E-4,1.6289297931259162E-4,0.9110604332953249
401,0.0544062550904056,0.03388173969701906,1.6289297931259162E-4,0.0,0.9112233262746375
402,0.0544062550904056,0.03388173969701906,1.6289297931259162E-4,0.0,0.9112233262746375
403,0.0544062550904056,0.03388173969701906,1.6289297931259162E-4,0.0,0.9112233262746375
404,0.0544062550904056,0.03388173969701906,1.6289297931259162E-4,0.0,0.9112233262746375
405,0.0544062550904056,0.03388173969701906,1.6289297931259162E-4,0.0,0.9112233262746375
406,0.0544062550904056,0.03388173969701906,0.0,0.0,0.9113862192539501
407,0.0544062550904056,0.03388173969701906,0.0,0.0,0.9113862192539501
408,0.0544062550904056,0.03388173969701906,0.0,-1.6289297931259162E-4,0.9115491122332627
409,0.0544062550904056,0.03388173969701906,0.0,-1.6289297931259162E-4,0.9115491122332627
410,0.0544062550904056,0.03388173969701906,0.0,-1.6289297931259162E-4,0.9115491122332627
411,0.0544062550904056,0.03388173969701906,0.0,-1.6289297931259162E-4,0.9115491122332627
412,0.0544062550904056,0.03388173969701906,0.0,-1.6289297931259162E-4,0.9115491122332627
413,0.0544062550904056,0.03388173969701906,0.0,-1.6289297931259162E-4,0.9115491122332627
414,0.0544062550904056,0.03388173969701906,0.0,-1.6289297931259162E-4,0.9115491122332627
415,0.0544062550904056,0.03388173969701906,0.0,-1.6289297931259162E-4,0.9115491122332627
416,0.0544062550904056,0.03388173969701906,0.0,-1.6289297931259162E-4,0.9115491122332627
417,0.0544062550904056,0.03388173969701906,0.0,-1.6289297931259162E-4,0.9115491122332627
418,0.0544062550904056,0.03388173969701906,0.0,-1.6289297931259162E-4,0.9115491122332627
419,0.0544062550904056,0.03388173969701906,0.0,-1.6289297931259162E-4,0.9115491122332627
420,0.0544062550904056,0.03388173969701906,0.0,-1.6289297931259162E-4,0.9115491122332627
421,0.0544062550904056,0.03388173969701906,0.0,-1.6289297931259162E-4,0.9115491122332627
422,0.0544062550904056,0.03388173969701906,0.0,-1.6289297931259162E-4,0.9115491122332627
423,0.0544062550904056,0.03388173969701906,0.0,-1.6289297931259162E-4,0.9115491122332627
424,0.0544062550904056,0.03388173969701906,0.0,-1.6289297931259162E-4,0.9115491122332627
425,0.0544062550904056,0.03388173969701906,0.0,-1.6289297931259162E-4,0.9115491122332627
426,0.0544062550904056,0.03388173969701906,0.0,-1.6289297931259162E-4,0.9115491122332627
427,0.0544062550904056,0.03388173969701906,0.0,-1.6289297931259162E-4,0.9115491122332627
428,0.0544062550904056,0.03388173969701906,0.0,-1.6289297931259162E-4,0.9115491122332627
429,0.0544062550904056,0.03388173969701906,0.0,-1.6289297931259162E-4,0.9115491122332627
430,0.0544062550904056,0.03388173969701906,0.0,-1.6289297931259162E-4,0.9115491122332627
431,0.0544062550904056,0.03388173969701906,0.0,-1.6289297931259162E-4,0.9115491122332627
432,0.0544062550904056,0.03388173969701906,0.0,-1.6289297931259162E-4,0.9115491122332627
433,0.0544062550904056,0.03388173969701906,0.0,-1.6289297931259162E-4,0.9115491122332627
434,0.0544062550904056,0.03388173969701906,0.0,-1.6289297931259162E-4,0.9115491122332627
435,0.0544062550904056,0.03388173969701906,0.0,-1.6289297931259162E-4,0.9115491122332627
436,0.0544062550904056,0.03388173969701906,0.0,-1.6289297931259162E-4,0.9115491122332627
437,0.0544062550904056,0.03388173969701906,0.0,-1.6289297931259162E-4,0.9115491122332627
438,0.0544062550904056,0.03388173969701906,0.0,-1.6289297931259162E-4,0.9115491122332627
439,0.0544062550904056,0.03388173969701906,0.0,-1.6289297931259162E-4,0.9115491122332627
440,0.0544062550904056,0.03388173969701906,0.0,-1.6289297931259162E-4,0.9115491122332627
441,0.0544062550904056,0.03388173969701906,0.0,-1.6289297931259162E-4,0.9115491122332627
442,0.0544062550904056,0.03388173969701906,0.0,-1.6289297931259162E-4,0.9115491122332627
443,0.0544062550904056,0.03388173969701906,0.0,-1.6289297931259162E-4,0.9115491122332627
444,0.0544062550904056,0.03388173969701906,0.0,-1.6289297931259162E-4,0.9115491122332627
445,0.0544062550904056,0.03388173969701906,0.0,-1.6289297931259162E-4,0.9115491122332627
446,0.0544062550904056,0.03388173969701906,0.0,-1.6289297931259162E-4,0.9115491122332627
447,0.0544062550904056,0.03388173969701906,0.0,-1.6289297931259162E-4,0.9115491122332627
448,0.0544062550904056,0.03388173969701906,0.0,-1.6289297931259162E-4,0.9115491122332627
449,0.0544062550904056,0.03388173969701906,0.0,-1.6289297931259162E-4,0.9115491122332627
450,0.0544062550904056,0.03388173969701906,0.0,-1.6289297931259162E-4,0.9115491122332627
451,0.0544062550904056,0.03388173969701906,0.0,-1.6289297931259162E-4,0.9115491122332627
452,0.0544062550904056,0.03388173969701906,0.0,-1.6289297931259162E-4,0.9115491122332627
453,0.0544062550904056,0.03388173969701906,0.0,-1.6289297931259162E-4,0.9115491122332627
454,0.0544062550904056,0.03388173969701906,0.0,-1.6289297931259162E-4,0.9115491122332627
455,0.0544062550904056,0.03388173969701906,0.0,-1.6289297931259162E-4,0.9115491122332627
456,0.0544062550904056,0.03388173969701906,0.0,-1.6289297931259162E-4,0.9115491122332627
457,0.0544062550904056,0.03388173969701906,0.0,-1.6289297931259162E-4,0.9115491122332627
458,0.0544062550904056,0.03388173969701906,0.0,-1.6289297931259162E-4,0.9115491122332627
459,0.0544062550904056,0.03388173969701906,0.0,-1.6289297931259162E-4,0.9115491122332627
460,0.0544062550904056,0.03388173969701906,0.0,-1.6289297931259162E-4,0.9115491122332627
461,0.0544062550904056,0.03388173969701906,0.0,-1.6289297931259162E-4,0.9115491122332627
462,0.0544062550904056,0.03388173969701906,0.0,-1.6289297931259162E-4,0.9115491122332627
463,0.0544062550904056,0.03388173969701906,0.0,-1.6289297931259162E-4,0.9115491122332627
464,0.0544062550904056,0.03388173969701906,0.0,-1.6289297931259162E-4,0.9115491122332627
465,0.0544062550904056,0.03388173969701906,0.0,-1.6289297931259162E-4,0.9115491122332627
466,0.0544062550904056,0.03388173969701906,0.0,-1.6289297931259162E-4,0.9115491122332627
467,0.0544062550904056,0.03388173969701906,0.0,-1.6289297931259162E-4,0.9115491122332627
468,0.0544062550904056,0.03388173969701906,0.0,-1.6289297931259162E-4,0.9115491122332627
469,0.0544062550904056,0.03388173969701906,0.0,-1.6289297931259162E-4,0.9115491122332627
470,0.0544062550904056,0.03388173969701906,0.0,-1.6289297931259162E-4,0.9115491122332627
471,0.0544062550904056,0.03388173969701906,0.0,-1.6289297931259162E-4,0.9115491122332627
472,0.0544062550904056,0.03388173969701906,0.0,-1.6289297931259162E-4,0.9115491122332627
473,0.0544062550904056,0.03388173969701906,0.0,-1.6289297931259162E-4,0.9115491122332627
474,0.0544062550904056,0.03388173969701906,0.0,-1.6289297931259162E-4,0.9115491122332627
475,0.0544062550904056,0.03388173969701906,0.0,-1.6289297931259162E-4,0.9115491122332627
476,0.0544062550904056,0.03388173969701906,0.0,-1.6289297931259162E-4,0.9115491122332627
477,0.0544062550904056,0.03388173969701906,0.0,-1.6289297931259162E-4,0.9115491122332627
478,0.0544062550904056,0.03388173969701906,0.0,-1.6289297931259162E-4,0.9115491122332627
479,0.0544062550904056,0.03388173969701906,0.0,-1.6289297931259162E-4,0.9115491122332627
480,0.0544062550904056,0.03388173969701906,0.0,-1.6289297931259162E-4,0.9115491122332627
481,0.0544062550904056,0.03388173969701906,0.0,-1.6289297931259162E-4,0.9115491122332627
482,0.0544062550904056,0.03388173969701906,0.0,-1.6289297931259162E-4,0.9115491122332627
483,0.0544062550904056,0.03388173969701906,0.0,-1.6289297931259162E-4,0.9115491122332627
484,0.0544062550904056,0.03388173969701906,0.0,-1.6289297931259162E-4,0.9115491122332627
485,0.0544062550904056,0.03388173969701906,0.0,-1.6289297931259162E-4,0.9115491122332627
486,0.0544062550904056,0.03388173969701906,0.0,-1.6289297931259162E-4,0.9115491122332627
487,0.0544062550904056,0.03388173969701906,0.0,-1.6289297931259162E-4,0.9115491122332627
488,0.0544062550904056,0.03388173969701906,0.0,-1.6289297931259162E-4,0.9115491122332627
489,0.0544062550904056,0.03388173969701906,0.0,-1.6289297931259162E-4,0.9115491122332627
490,0.0544062550904056,0.03388173969701906,0.0,-1.6289297931259162E-4,0.9115491122332627
491,0.0544062550904056,0.03388173969701906,0.0,-1.6289297931259162E-4,0.9115491122332627
492,0.0544062550904056,0.03388173969701906,0.0,-1.6289297931259162E-4,0.9115491122332627
493,0.0544062550904056,0.03388173969701906,0.0,-1.6289297931259162E-4,0.9115491122332627
494,0.0544062550904056,0.03388173969701906,0.0,-1.6289297931259162E-4,0.9115491122332627
495,0.0544062550904056,0.03388173969701906,0.0,-1.6289297931259162E-4,0.9115491122332627
496,0.0544062550904056,0.03388173969701906,0.0,-1.6289297931259162E-4,0.9115491122332627
497,0.0544062550904056,0.03388173969701906,0.0,-1.6289297931259162E-4,0.9115491122332627
498,0.0544062550904056,0.03388173969701906,0.0,-1.6289297931259162E-4,0.9115491122332627
499,0.0544062550904056,0.03388173969701906,0.0,-1.6289297931259162E-4,0.9115491122332627
