0,0.695,0.3,0,0.005,0
1,0.6812184394852582,0.2933702557419775,0.01303143834500733,0.011402508551881414,6.515719172503665E-4
2,0.6735624694575664,0.29125264701091386,0.020687408372699136,0.012705652386382146,0.0014660368138133247
3,0.6652549275126242,0.2897866101971005,0.028669164359016126,0.013845903241570288,0.0021176087310636913
4,0.6564587066297443,0.2881576804039746,0.03681381332464571,0.015311940055383612,0.0029320736276266493
5,0.6501058804365532,0.2862029646522235,0.041700602704023454,0.018406906662322853,0.0032578595862518323
6,0.6413096595536733,0.284411141879785,0.04903078677309008,0.020524515393386546,0.004398110441439974
7,0.6331650105880436,0.2819677471900961,0.0544062550904056,0.024922625834826517,0.005212575338002932
8,0.6222511809741,0.2787098876038443,0.0641798338491611,0.028506271379703536,0.00602704023456589
9,0.6115002443394689,0.2759407069555302,0.07232448281479069,0.0330672748004561,0.0068415051311288486
10,0.6005864147255253,0.272845740348591,0.08046913178042027,0.03730249226258348,0.008470434924254765
11,0.5873920834012054,0.2687734158657762,0.09203453331161426,0.042677960579899005,0.008796220882879948
12,0.5741977520768855,0.26372373350708583,0.10262257696693272,0.0485421078351523,0.010588043655318456
13,0.5593744909594397,0.2594885160449585,0.11369929956018895,0.05538361296628115,0.011728294510506597
14,0.542107835152305,0.2554161915621437,0.12705652386382146,0.06189933213878482,0.013194331324319922
15,0.5241896074279199,0.2515067600586415,0.14106532008470435,0.06678612151816257,0.01612640495194657
16,0.5098550252484118,0.245316826844763,0.15083889884345986,0.07493077048379215,0.018732692620948038
17,0.4938915132757778,0.23896400065157192,0.16273008633327904,0.08258674051148396,0.021501873269262096
18,0.4769506434272683,0.23212249552044306,0.1752728457403486,0.09056849649780095,0.024759732855513927
19,0.458706629744258,0.22674702720312753,0.18814139110604333,0.09806157354618016,0.02801759244176576
20,0.44258022479231146,0.2216973448444372,0.19840364880273662,0.10588043655318456,0.031112559048705
21,0.42743117771624045,0.21664766248574688,0.2065482977683662,0.11353640658087637,0.035510669490144975
22,0.41391106043329534,0.21241244502361947,0.21485583971330835,0.11891187489819188,0.039582993972959765
23,0.3971330835640984,0.2063854047890536,0.22495520443068903,0.12559048705000814,0.04561003420752566
24,0.38393875223977847,0.20117282945105067,0.23277406743769344,0.13161752728457404,0.05017103762827822
25,0.369767063039583,0.1964489330509855,0.23896400065157192,0.14090242710539175,0.053591790193842644
26,0.35673562469457565,0.19025899983710703,0.24352500407232447,0.15083889884345986,0.0583156865939078
27,0.3445186512461313,0.1847206385404789,0.24873757941032743,0.15865776185046424,0.06303958299397296
28,0.3332790356735625,0.17853070532660043,0.2531356898517674,0.16794266167128197,0.06678612151816257
29,0.3223652060596188,0.17103762827822122,0.256882228375957,0.17657598957484932,0.07281316175272846
30,0.3104740185697996,0.16696530379540642,0.2609545528587718,0.1826030298094152,0.07867730900798175
31,0.3011891187489819,0.1637074442091546,0.26160612477602213,0.18895585600260628,0.08421567030460987
32,0.29255579084541455,0.159960905684965,0.26160612477602213,0.1948200032578596,0.09073138947711354
33,0.28278221208665905,0.15572568822283758,0.2630721615898355,0.20100993647173807,0.0970842156703046
34,0.2748004561003421,0.15035021990552208,0.2614432317967096,0.2101319433132432,0.10294836292555791
35,0.2663300211760873,0.14513764456751915,0.26209480371395993,0.21697344844437205,0.10913829613943639
36,0.25802247923114513,0.13959928327089102,0.2632350545691481,0.22397784655481348,0.11483955041537709
37,0.2506922951620785,0.13568985176738882,0.2633979475484607,0.22837595699625346,0.12151816256719336
38,0.24238475321713635,0.13080306238801107,0.2629092686105229,0.23456589021013194,0.12901123961557256
39,0.2357061410653201,0.12721941684313406,0.2614432317967096,0.23912689363088452,0.1361785307053266
40,0.22967910083075418,0.12445023619482,0.2586740511483955,0.24385079003094967,0.14302003583645545
41,0.2218602378237498,0.12168105554650595,0.2588369441277081,0.2471086496172015,0.15018732692620948
42,0.21453005375468318,0.11891187489819188,0.2591627300863333,0.2472715425965141,0.1597980127056524
43,0.20866590649942987,0.1166313731878156,0.25460172666558073,0.2523212249552044,0.1674539827333442
44,0.20312754520280177,0.11402508551881414,0.2521583319758918,0.2576966932725199,0.17266655807134712
45,0.19775207688548624,0.11109301189118749,0.2490633653689526,0.26160612477602213,0.18015963511972635
46,0.19286528750610848,0.10930118911874898,0.24547971982407557,0.26404951946571104,0.18797849812673073
47,0.1887929630232937,0.10685779442906011,0.2415702883205734,0.26812184394852584,0.1943313243199218
48,0.18439485258185373,0.10359993484280827,0.23668349894119564,0.2725199543899658,0.2024759732855514
49,0.1788564912852256,0.09985339631861867,0.23440299723081937,0.2762664929141554,0.2102948362925558
50,0.17380680892653527,0.0972471086496172,0.23065645870662974,0.27952435250040725,0.21843948525818538
51,0.16826844762990714,0.09447792800130314,0.23065645870662974,0.2806646033555954,0.2256067763479394
52,0.16387033718846716,0.09398924906336537,0.22772438507900308,0.2787098876038443,0.2353803551066949
53,0.16012379866427756,0.09122006841505131,0.22690992018244013,0.27968724547971985,0.24173318129988597
54,0.15654015311940056,0.08910245968398763,0.22397784655481348,0.2798501384590324,0.2502036162241407
55,0.15295650757452353,0.08796220882879947,0.22137155888581203,0.27887278058315684,0.25851115816908293
56,0.15002443394689688,0.08649617201498615,0.217787913340935,0.2785469946245317,0.2668187001140251
57,0.14725525329858283,0.08421567030460987,0.2138784818374328,0.27952435250040725,0.2748004561003421
58,0.14562632350545693,0.08274963349079655,0.2099690503339306,0.2783841016452191,0.28294510506597165
59,0.14302003583645545,0.08095781071835804,0.20605961883042842,0.2787098876038443,0.29092686105228865
60,0.14041374816745397,0.07867730900798175,0.20003257859586251,0.28115328229353315,0.2993972959765434
61,0.13862192539501547,0.07737416517348103,0.1967747190096107,0.27952435250040725,0.3073790519628604
62,0.13699299560188957,0.07525655644241733,0.19335396644404626,0.2785469946245317,0.31552370092848997
63,0.1345496009122007,0.07427919856654178,0.19009610685779443,0.27773252972796875,0.3230167779768692
64,0.13129174132594884,0.07330184069066623,0.18716403323016778,0.280013031438345,0.3279035673562469
65,0.12803388173969701,0.07085844600097736,0.18553510343704185,0.2783841016452191,0.3368626812184395
66,0.1260791659879459,0.06971819514578921,0.1827659227887278,0.2782212086659065,0.3428897214530054
67,0.12396155725688222,0.06906662322853885,0.1791822772438508,0.27903567356246944,0.3484280827496335
68,0.12021501873269262,0.0680892653526633,0.1770646685127871,0.27577781397621765,0.35852744746701415
69,0.11777162404300374,0.06711190747678775,0.17348102296791007,0.27528913503827984,0.3660205245153934
70,0.11614269424987783,0.0662974425802248,0.16859423358853234,0.2746375631210295,0.37400228050171036
71,0.11418797849812673,0.06515719172503665,0.1654992669815931,0.27366020524515394,0.3811695715914644
72,0.11190747678775045,0.0643427268284737,0.16256719335396644,0.2725199543899658,0.3883368626812184
73,0.10930118911874898,0.06336536895259814,0.16077537058152794,0.2705652386382147,0.3956670467502851
74,0.10718358038768529,0.06320247597328556,0.15833197589183906,0.2682847369278384,0.4026714448607265
75,0.10555465059455937,0.06141065320084704,0.15442254438833686,0.2682847369278384,0.41000162892979314
76,0.10490307867730901,0.06092197426290927,0.15067600586414726,0.26616712819677474,0.41700602704023454
77,0.1032741488841831,0.06043329532497149,0.14709236031927023,0.26551555627952433,0.42335885323342565
78,0.10245968398762013,0.05978172340772113,0.143997393712331,0.26404951946571104,0.42938589346799155
79,0.10066786121518162,0.05913015149047076,0.14302003583645545,0.26193191073464733,0.43492425476461966
80,0.0993647173806809,0.05798990063528262,0.1399250692295162,0.2607916598794592,0.4416028669164359
81,0.09806157354618016,0.05733832871803225,0.13552695878807625,0.2591627300863333,0.4495846229027529
82,0.09692132269099202,0.05733832871803225,0.1325948851604496,0.25834826518977033,0.4544714122821306
83,0.09594396481511647,0.056523863821469296,0.13112884834663627,0.2539501547483303,0.4621273823098224
84,0.09480371395992833,0.0563609708421567,0.12917413259488517,0.2519954389965792,0.4673399576478254
85,0.09480371395992833,0.055546505945593745,0.12575338002932074,0.24987783026551555,0.47369278384101643
86,0.09382635608405278,0.05473204104903079,0.12379866427756964,0.24661997067926372,0.4806971819514579
87,0.093337677146115,0.054569148069718194,0.12037791171200521,0.24303632513438672,0.4883531519791497
88,0.09219742629092686,0.05391757615246783,0.1187489819188793,0.23977846554813487,0.49503176413096595
89,0.0913829613943639,0.05294021827659228,0.11597980127056524,0.2392897866101971,0.5000814464896562
90,0.09007981755986318,0.05098550252484118,0.11321062062225118,0.23814953575500897,0.5072487375794104
91,0.08926535266330021,0.050822609545528585,0.10962697507737416,0.2353803551066949,0.514578921648477
92,0.08828799478742466,0.05033393060759081,0.10604332953249715,0.233751425313569,0.5212575338002932
93,0.08698485095292392,0.05000814464896563,0.10425150676005863,0.2311451376445675,0.5272845740348591
94,0.08600749307704839,0.04968235869034045,0.10164521909105717,0.22772438507900308,0.5346147581039257
95,0.08551881413911061,0.04903078677309008,0.09806157354618016,0.22609545528587718,0.5409675842971168
96,0.08535592115979801,0.0487050008144649,0.093337677146115,0.22430363251343868,0.5479719824075583
97,0.08519302818048542,0.04821632187652712,0.09073138947711354,0.2216973448444372,0.5538361296628115
98,0.08388988434598468,0.04723896400065157,0.0894282456426128,0.21892816419612315,0.5601889558560026
99,0.08307541944942173,0.04691317804202639,0.08698485095292392,0.21632187652712168,0.5663788890698811
100,0.08160938263560841,0.046750285062713795,0.08519302818048542,0.21322690992018245,0.5728946082423848
101,0.08030623880110767,0.04658739208340121,0.08340120540804691,0.21110930118911875,0.5782700765597003
102,0.0796546668838573,0.04626160612477602,0.08063202475973286,0.20768854862355432,0.5854373676494543
103,0.07851441602866917,0.045772927186838244,0.07900309496660694,0.20524515393386544,0.591138621925395
104,0.07737416517348103,0.04544714122821306,0.07851441602866917,0.20215018732692622,0.5961883042840853
105,0.07655970027691807,0.045284248248900476,0.07753705815279362,0.19954389965792474,0.6007493077048379
106,0.07607102133898029,0.04446978335233751,0.07607102133898029,0.1980778628441114,0.6049845251669653
107,0.07558234240104252,0.044306890373024925,0.07493077048379215,0.1949828962371722,0.609871314546343
108,0.07493077048379215,0.044306890373024925,0.07330184069066623,0.19123635771298256,0.6158983547809089
109,0.07460498452516696,0.04414399739371233,0.0719986968561655,0.18944453494054406,0.6194820003257859
110,0.07427919856654178,0.043655318455774555,0.07053266004235217,0.18667535429223,0.6245316826844763
111,0.07313894771135364,0.043329532497149374,0.07036976706303959,0.18211435087147743,0.6307216158983547
112,0.0719986968561655,0.043329532497149374,0.06874083726991366,0.18048542107835153,0.6351197263397947
113,0.07151001791822773,0.0428408535592116,0.06760058641472552,0.17787913340935005,0.63984362273986
114,0.07053266004235217,0.042677960579899005,0.06694901449747516,0.17364391594722267,0.6458706629744259
115,0.06971819514578921,0.04218928164196123,0.06678612151816257,0.17071184231959602,0.6502687734158658
116,0.06971819514578921,0.04202638866264864,0.06483140576641147,0.16826844762990714,0.6548297768366184
117,0.06922951620785144,0.04153770972471087,0.06369115491122333,0.16615083889884347,0.6590649942987458
118,0.06874083726991366,0.04137481674539827,0.06255090405603518,0.16403323016777976,0.662974425802248
119,0.0682521583319759,0.04072324482814791,0.06124776022153445,0.1617527284574035,0.6676983222023131
120,0.0680892653526633,0.04039745886952272,0.0583156865939078,0.16093826356084054,0.6719335396644405
121,0.06776347939403812,0.04007167291089754,0.056523863821469296,0.159960905684965,0.6753542922300049
122,0.06727480045610035,0.04007167291089754,0.05408046913178042,0.15865776185046424,0.6795895096921323
123,0.06694901449747516,0.04007167291089754,0.05277732529727969,0.15605147418146278,0.6838247271542597
124,0.06694901449747516,0.03942010099364717,0.050496823586903404,0.155562795243525,0.6872454797198241
125,0.06662322853884997,0.03909431503502199,0.05000814464896563,0.15246782863658576,0.6914806971819515
126,0.0662974425802248,0.03827985013845903,0.04968235869034045,0.15051311288483465,0.6949014497475159
127,0.06597165662159961,0.03795406417983385,0.04789053591790194,0.14888418309170875,0.6989737742303307
128,0.06580876364228702,0.03795406417983385,0.04658739208340121,0.147581039257208,0.7017429548786447
129,0.06515719172503665,0.03795406417983385,0.04658739208340121,0.14497475158820655,0.7050008144648966
130,0.06483140576641147,0.037628278221208664,0.04544714122821306,0.14350871477439323,0.7082586740511484
131,0.06450561980778628,0.037628278221208664,0.04398110441439974,0.14155399902264212,0.712005212575338
132,0.0643427268284737,0.037628278221208664,0.042677960579899005,0.1399250692295162,0.7151001791822772
133,0.06401694086984851,0.037628278221208664,0.04121192376608568,0.13780746049845252,0.7190096106857794
134,0.06401694086984851,0.037465385241896076,0.04007167291089754,0.1363414236846392,0.7217787913340935
135,0.06369115491122333,0.037465385241896076,0.039908779931584946,0.13275777813976217,0.7258511158169083
136,0.06352826193191073,0.037465385241896076,0.038605636097084214,0.13080306238801107,0.7292718683824727
137,0.06320247597328556,0.0369767063039583,0.03844274311777163,0.12884834663625996,0.7322039420100994
138,0.06303958299397296,0.03681381332464571,0.03681381332464571,0.1268936308845089,0.7361133735136015
139,0.06303958299397296,0.036488027366020526,0.03567356246945757,0.12591627300863334,0.7385567682032904
140,0.06287669001466037,0.036488027366020526,0.034533311614269424,0.12445023619482,0.7413259488516045
141,0.06271379703534778,0.036488027366020526,0.033393060759081286,0.12282130640169409,0.7442580224792311
142,0.062388011076722594,0.036488027366020526,0.03274148884183092,0.11956344681544226,0.7484932399413585
143,0.06206222511809741,0.03632513438670793,0.03208991692458055,0.11907476787750448,0.7501221697344844
144,0.06189933213878482,0.03632513438670793,0.03160123798664278,0.1167942661671282,0.7530542433621111
145,0.06075908128359668,0.036162241407395344,0.03127545202801759,0.11630558722919042,0.7551718520931748
146,0.06043329532497149,0.035836455448770156,0.03094966606939241,0.11337351360156377,0.759081283596677
147,0.05994461638703372,0.035510669490144975,0.030460987131454634,0.11125590487050008,0.7625020361622414
148,0.05994461638703372,0.035510669490144975,0.029646522234891677,0.10995276103599935,0.7646196448933051
149,0.05994461638703372,0.035184883531519794,0.028669164359016126,0.10848672422218603,0.7673888255416191
150,0.05978172340772113,0.035184883531519794,0.02785469946245317,0.10522886463593419,0.7716240430037465
151,0.05945593744909594,0.035184883531519794,0.027366020524515394,0.1032741488841831,0.7743932236520606
152,0.059293044469783354,0.035184883531519794,0.02687734158657762,0.10066786121518162,0.7776510832383124
153,0.05913015149047076,0.035184883531519794,0.026551555627952434,0.09855025248411793,0.7802573709073138
154,0.058967258511158166,0.03469620459358202,0.025248411793451702,0.09789868056686757,0.7828636585763153
155,0.058967258511158166,0.03469620459358202,0.024433946896888745,0.0970842156703046,0.7844925883694412
156,0.05880436553184558,0.03469620459358202,0.023456589021013195,0.09480371395992833,0.7879133409350056
157,0.058641472552532985,0.03469620459358202,0.02280501710376283,0.09382635608405278,0.7897051637074443
158,0.0583156865939078,0.03469620459358202,0.02296791008307542,0.09203453331161426,0.7916598794591954
159,0.05815279361459521,0.03469620459358202,0.022642124124450238,0.08975403160123799,0.7944290601075094
160,0.05782700765597003,0.03469620459358202,0.022479231145137644,0.08796220882879947,0.7967095618178857
161,0.05782700765597003,0.03469620459358202,0.02117608731063691,0.08535592115979801,0.8006189933213879
162,0.05782700765597003,0.03469620459358202,0.020361622414073955,0.08340120540804691,0.8033881739697019
163,0.05782700765597003,0.03469620459358202,0.02003583645544877,0.08274963349079655,0.8043655318455775
164,0.057664114676657434,0.03469620459358202,0.019547157517510995,0.08160938263560841,0.806157354618016
165,0.05750122169734485,0.03469620459358202,0.019221371558885814,0.0799804528424825,0.8082749633490797
166,0.05750122169734485,0.034533311614269424,0.01905847857957322,0.07867730900798175,0.8099038931422056
167,0.05733832871803225,0.034533311614269424,0.018569799641635444,0.07688548623554325,0.8123472878318945
168,0.05717543573871966,0.034533311614269424,0.018244013683010263,0.07623391431829288,0.8134875386870826
169,0.05717543573871966,0.03437041863495683,0.017918227724385078,0.07623391431829288,0.8139762176250204
170,0.05717543573871966,0.03437041863495683,0.017429548786447303,0.07493077048379215,0.8157680403974589
171,0.05701254275940707,0.03420752565564424,0.016777976869196937,0.07460498452516696,0.8170711842319596
172,0.05668675680078188,0.03420752565564424,0.016452190910571755,0.07265026877341586,0.8196774719009611
173,0.05668675680078188,0.03404463267633165,0.01612640495194657,0.07102133898028995,0.8217950806320248
174,0.056523863821469296,0.03404463267633165,0.01580061899332139,0.06922951620785144,0.8240755823424011
175,0.056523863821469296,0.03404463267633165,0.015149047076071022,0.06841505131128849,0.8255416191562144
176,0.0563609708421567,0.03404463267633165,0.014823261117445839,0.0680892653526633,0.8263560840527773
177,0.0563609708421567,0.03404463267633165,0.014497475158820656,0.06662322853884997,0.8281479068252159
178,0.056198077862844115,0.03388173969701906,0.01417168920019547,0.06548297768366183,0.8299397295976544
179,0.056198077862844115,0.03388173969701906,0.013683010262257697,0.06352826193191073,0.8323831242873432
180,0.056198077862844115,0.03388173969701906,0.013357224303632514,0.06141065320084704,0.8348265189770321
181,0.056198077862844115,0.03388173969701906,0.012705652386382146,0.06043329532497149,0.836455448770158
182,0.055872291904218926,0.03388173969701906,0.01303143834500733,0.058967258511158166,0.8379214855839713
183,0.05570939892490634,0.03388173969701906,0.01303143834500733,0.05668675680078188,0.8403648802736602
184,0.055546505945593745,0.03388173969701906,0.012542759407069556,0.05603518488353152,0.8416680241081609
185,0.05538361296628115,0.03388173969701906,0.012216973448444373,0.055220719986968564,0.8429711679426617
186,0.05538361296628115,0.03388173969701906,0.01205408046913178,0.05408046913178042,0.8442743117771624
187,0.055220719986968564,0.03388173969701906,0.011728294510506597,0.053428897214530056,0.8454145626323506
188,0.055220719986968564,0.03388173969701906,0.011402508551881414,0.052451539338654506,0.8467177064668513
189,0.054894934028343376,0.03371884671770647,0.011565401531194005,0.051148395504153774,0.8483466362599772
190,0.05473204104903079,0.03371884671770647,0.011402508551881414,0.049845251669653035,0.8499755660531031
191,0.05473204104903079,0.03371884671770647,0.010913829613943639,0.04951946571102785,0.8507900309496661
192,0.05473204104903079,0.03371884671770647,0.010588043655318456,0.04903078677309008,0.851604495846229
193,0.05473204104903079,0.03355595373839387,0.00993647173806809,0.04805342889721453,0.8533963186186675
194,0.05473204104903079,0.03323016777976869,0.009773578758755497,0.047727642938589346,0.8542107835152305
195,0.05473204104903079,0.03323016777976869,0.009122006841505131,0.04707607102133898,0.8555139273497312
196,0.05473204104903079,0.03323016777976869,0.008796220882879948,0.04626160612477602,0.8566541782049194
197,0.05473204104903079,0.0330672748004561,0.008633327903567356,0.0447955693109627,0.8584460009773579
198,0.054569148069718194,0.0330672748004561,0.008796220882879948,0.04398110441439974,0.8592604658739208
199,0.054569148069718194,0.0330672748004561,0.00798175598631699,0.04398110441439974,0.8600749307704838
200,0.0544062550904056,0.03290438182114351,0.007818863007004398,0.04398110441439974,0.8605636097084216
201,0.05424336211109301,0.03290438182114351,0.007818863007004398,0.0428408535592116,0.8618667535429223
202,0.05424336211109301,0.03290438182114351,0.007330184069066623,0.0428408535592116,0.8623554324808601
203,0.05408046913178042,0.03290438182114351,0.007167291089754032,0.04218928164196123,0.8633327903567356
204,0.05408046913178042,0.03274148884183092,0.007167291089754032,0.04072324482814791,0.8649617201498615
205,0.05375468317315524,0.03274148884183092,0.007167291089754032,0.040234565890210135,0.8657761850464245
206,0.05375468317315524,0.03274148884183092,0.007167291089754032,0.03909431503502199,0.8669164359016126
207,0.05375468317315524,0.03274148884183092,0.007167291089754032,0.038605636097084214,0.8674051148395504
208,0.05375468317315524,0.03274148884183092,0.007167291089754032,0.037465385241896076,0.8685453656947385
209,0.05375468317315524,0.03274148884183092,0.00700439811044144,0.03713959928327089,0.8690340446326763
210,0.05375468317315524,0.03274148884183092,0.00700439811044144,0.035836455448770156,0.8703371884671771
211,0.05375468317315524,0.03274148884183092,0.0068415051311288486,0.03534777651083238,0.8709887603844274
212,0.05375468317315524,0.03274148884183092,0.0068415051311288486,0.03469620459358202,0.8716403323016778
213,0.05375468317315524,0.03274148884183092,0.006678612151816257,0.03404463267633165,0.8724547971982407
214,0.053591790193842644,0.03257859586251832,0.0068415051311288486,0.033393060759081286,0.8732692620948037
215,0.053591790193842644,0.032415702883205735,0.006678612151816257,0.03257859586251832,0.8744095129499918
216,0.053591790193842644,0.032415702883205735,0.006352826193191073,0.032415702883205735,0.8748981918879296
217,0.053591790193842644,0.032415702883205735,0.006352826193191073,0.031112559048705,0.8762013357224303
218,0.053591790193842644,0.032415702883205735,0.00602704023456589,0.030298094152142043,0.8773415865776185
219,0.053591790193842644,0.032415702883205735,0.005864147255253299,0.029646522234891677,0.8781560514741814
220,0.053591790193842644,0.032415702883205735,0.005701254275940707,0.029320736276266492,0.8786447304121192
221,0.053591790193842644,0.032415702883205735,0.005538361296628116,0.028506271379703536,0.8796220882879948
222,0.053591790193842644,0.032415702883205735,0.00504968235869034,0.028669164359016126,0.87994787424662
223,0.053591790193842644,0.032415702883205735,0.004886789379377749,0.02818048542107835,0.8805994461638703
224,0.053591790193842644,0.032415702883205735,0.004886789379377749,0.02801759244176576,0.8807623391431829
225,0.053591790193842644,0.032415702883205735,0.004723896400065157,0.027691806483140576,0.8812510180811207
226,0.053591790193842644,0.032415702883205735,0.004561003420752566,0.027366020524515394,0.8817396970190585
227,0.053591790193842644,0.032415702883205735,0.004398110441439974,0.02687734158657762,0.8823912689363088
228,0.053591790193842644,0.032415702883205735,0.004398110441439974,0.02508551881413911,0.8841830917087473
229,0.053591790193842644,0.032415702883205735,0.004398110441439974,0.02427105391757615,0.8849975566053103
230,0.053428897214530056,0.032415702883205735,0.004235217462127383,0.02410816093826356,0.8854862355432481
231,0.053428897214530056,0.032415702883205735,0.004235217462127383,0.023293696041700604,0.886300700439811
232,0.053428897214530056,0.032415702883205735,0.004235217462127383,0.022316338165825053,0.8872780583156866
233,0.05326600423521746,0.032415702883205735,0.004398110441439974,0.022153445186512463,0.8874409512949992
234,0.05310311125590487,0.032415702883205735,0.004235217462127383,0.022316338165825053,0.8876038442743118
235,0.05310311125590487,0.032415702883205735,0.0037465385241896073,0.022316338165825053,0.8880925232122495
236,0.05310311125590487,0.032415702883205735,0.0037465385241896073,0.021501873269262096,0.8889069881088125
237,0.05310311125590487,0.032415702883205735,0.003583645544877016,0.02117608731063691,0.8893956670467503
238,0.05294021827659228,0.032415702883205735,0.003583645544877016,0.020687408372699136,0.8900472389640006
239,0.05294021827659228,0.032415702883205735,0.0034207525655644243,0.02019872943476136,0.890698810881251
240,0.05294021827659228,0.032415702883205735,0.0034207525655644243,0.02003583645544877,0.8908617038605636
241,0.05277732529727969,0.032415702883205735,0.003583645544877016,0.019710050496823586,0.8911874898191888
242,0.05277732529727969,0.032415702883205735,0.003583645544877016,0.018732692620948038,0.8921648476950643
243,0.05277732529727969,0.032415702883205735,0.003583645544877016,0.018569799641635444,0.8923277406743769
244,0.05277732529727969,0.032415702883205735,0.0034207525655644243,0.018081120703697672,0.8929793125916273
245,0.05261443231796709,0.032415702883205735,0.003583645544877016,0.017755334745072487,0.8933050985502525
246,0.05261443231796709,0.032415702883205735,0.003583645544877016,0.01710376282782212,0.8939566704675028
247,0.05261443231796709,0.032415702883205735,0.003583645544877016,0.01694086984850953,0.8941195634468154
248,0.05261443231796709,0.032415702883205735,0.003583645544877016,0.01628929793125916,0.8947711353640658
249,0.05261443231796709,0.032415702883205735,0.0034207525655644243,0.01580061899332139,0.8954227072813161
250,0.05261443231796709,0.03225280990389314,0.0032578595862518323,0.01580061899332139,0.8957484932399413
251,0.05261443231796709,0.03225280990389314,0.0029320736276266493,0.015474833034696205,0.8964000651571917
252,0.05261443231796709,0.03208991692458055,0.0029320736276266493,0.01498615409675843,0.8970516370744421
253,0.05261443231796709,0.03208991692458055,0.0029320736276266493,0.014660368138133246,0.8973774230330672
254,0.05261443231796709,0.03208991692458055,0.002769180648314058,0.01400879622088288,0.8981918879296302
255,0.05261443231796709,0.03208991692458055,0.002606287669001466,0.01400879622088288,0.8983547809089428
256,0.05261443231796709,0.03208991692458055,0.002606287669001466,0.013845903241570288,0.8985176738882554
257,0.05261443231796709,0.03192702394526796,0.002606287669001466,0.013520117282945105,0.8990063528261932
258,0.052451539338654506,0.03192702394526796,0.002769180648314058,0.013357224303632514,0.8991692458055058
259,0.052451539338654506,0.03192702394526796,0.002769180648314058,0.01303143834500733,0.8994950317641309
260,0.052451539338654506,0.03192702394526796,0.002606287669001466,0.012705652386382146,0.8999837107020687
261,0.052451539338654506,0.03192702394526796,0.002606287669001466,0.01189118748981919,0.9007981755986317
262,0.052451539338654506,0.031764130965955366,0.0024433946896888744,0.011565401531194005,0.901449747515882
263,0.05228864635934191,0.031764130965955366,0.002280501710376283,0.011402508551881414,0.9019384264538198
264,0.05228864635934191,0.031764130965955366,0.0021176087310636913,0.011076722593256231,0.9024271053917576
265,0.05212575338002932,0.031764130965955366,0.002280501710376283,0.010425150676005863,0.9030786773090079
266,0.05212575338002932,0.031764130965955366,0.002280501710376283,0.010262257696693273,0.9032415702883205
267,0.05212575338002932,0.031764130965955366,0.002280501710376283,0.00993647173806809,0.9035673562469457
268,0.05212575338002932,0.031764130965955366,0.002280501710376283,0.009610685779442907,0.9038931422055709
269,0.05212575338002932,0.031764130965955366,0.002280501710376283,0.009610685779442907,0.9038931422055709
270,0.05212575338002932,0.031764130965955366,0.0021176087310636913,0.009284899820817722,0.9043818211435087
271,0.05212575338002932,0.031764130965955366,0.0019547157517510994,0.009284899820817722,0.9045447141228213
272,0.05212575338002932,0.031764130965955366,0.001791822772438508,0.008796220882879948,0.9051962860400716
273,0.05212575338002932,0.031764130965955366,0.001791822772438508,0.008633327903567356,0.9053591790193842
274,0.05212575338002932,0.03160123798664278,0.001791822772438508,0.008470434924254765,0.9056849649780094
275,0.05212575338002932,0.03160123798664278,0.001791822772438508,0.008307541944942173,0.905847857957322
276,0.05212575338002932,0.03160123798664278,0.001791822772438508,0.008307541944942173,0.905847857957322
277,0.05212575338002932,0.03160123798664278,0.001791822772438508,0.00798175598631699,0.9061736439159472
278,0.05212575338002932,0.03160123798664278,0.001791822772438508,0.007818863007004398,0.9063365368952598
279,0.05212575338002932,0.03160123798664278,0.001791822772438508,0.007818863007004398,0.9063365368952598
280,0.05212575338002932,0.03160123798664278,0.0016289297931259162,0.00798175598631699,0.9063365368952598
281,0.05212575338002932,0.03160123798664278,0.0016289297931259162,0.007493077048379215,0.9068252158331976
282,0.05212575338002932,0.03160123798664278,0.0016289297931259162,0.007330184069066623,0.9069881088125101
283,0.05212575338002932,0.03160123798664278,0.0016289297931259162,0.007167291089754032,0.9071510017918227
284,0.05212575338002932,0.03160123798664278,0.0016289297931259162,0.0068415051311288486,0.9074767877504479
285,0.05212575338002932,0.03160123798664278,0.0016289297931259162,0.0068415051311288486,0.9074767877504479
286,0.05212575338002932,0.03160123798664278,0.0016289297931259162,0.006678612151816257,0.9076396807297605
287,0.05212575338002932,0.03160123798664278,0.0016289297931259162,0.006515719172503665,0.9078025737090731
288,0.05212575338002932,0.03160123798664278,0.0016289297931259162,0.006515719172503665,0.9078025737090731
289,0.05212575338002932,0.03160123798664278,0.0014660368138133247,0.006352826193191073,0.9081283596676983
290,0.05212575338002932,0.03160123798664278,0.0014660368138133247,0.006189933213878482,0.9082912526470109
291,0.05212575338002932,0.03160123798664278,0.0014660368138133247,0.006189933213878482,0.9082912526470109
292,0.05212575338002932,0.03160123798664278,0.0014660368138133247,0.006189933213878482,0.9082912526470109
293,0.05212575338002932,0.03160123798664278,0.001303143834500733,0.006189933213878482,0.9084541456263235
294,0.05212575338002932,0.03160123798664278,0.001303143834500733,0.006189933213878482,0.9084541456263235
295,0.05212575338002932,0.03160123798664278,0.0011402508551881414,0.006189933213878482,0.9086170386056361
296,0.05212575338002932,0.03160123798664278,9.773578758755497E-4,0.006352826193191073,0.9086170386056361
297,0.05212575338002932,0.03160123798664278,9.773578758755497E-4,0.006352826193191073,0.9086170386056361
298,0.05212575338002932,0.03160123798664278,9.773578758755497E-4,0.00602704023456589,0.9089428245642612
299,0.05212575338002932,0.03160123798664278,9.773578758755497E-4,0.00602704023456589,0.9089428245642612
300,0.05212575338002932,0.03160123798664278,9.773578758755497E-4,0.005701254275940707,0.9092686105228864
301,0.05212575338002932,0.03160123798664278,9.773578758755497E-4,0.005701254275940707,0.9092686105228864
302,0.05212575338002932,0.03160123798664278,9.773578758755497E-4,0.005538361296628116,0.909431503502199
303,0.05212575338002932,0.03160123798664278,8.144648965629581E-4,0.005538361296628116,0.9095943964815116
304,0.05212575338002932,0.03160123798664278,6.515719172503665E-4,0.005701254275940707,0.9095943964815116
305,0.05212575338002932,0.03160123798664278,6.515719172503665E-4,0.005375468317315524,0.9099201824401368
306,0.05212575338002932,0.03160123798664278,6.515719172503665E-4,0.005212575338002932,0.9100830754194494
307,0.05212575338002932,0.03160123798664278,4.886789379377749E-4,0.00504968235869034,0.9104088613780746
308,0.05212575338002932,0.03160123798664278,4.886789379377749E-4,0.00504968235869034,0.9104088613780746
309,0.05212575338002932,0.03160123798664278,4.886789379377749E-4,0.00504968235869034,0.9104088613780746
310,0.05212575338002932,0.03160123798664278,4.886789379377749E-4,0.00504968235869034,0.9104088613780746
311,0.05212575338002932,0.03160123798664278,4.886789379377749E-4,0.004561003420752566,0.9108975403160123
312,0.05212575338002932,0.03160123798664278,4.886789379377749E-4,0.004398110441439974,0.9110604332953249
313,0.05212575338002932,0.03160123798664278,4.886789379377749E-4,0.004398110441439974,0.9110604332953249
314,0.05212575338002932,0.03160123798664278,4.886789379377749E-4,0.004235217462127383,0.9112233262746375
315,0.05212575338002932,0.03160123798664278,4.886789379377749E-4,0.003909431503502199,0.9115491122332627
316,0.05212575338002932,0.03160123798664278,4.886789379377749E-4,0.0037465385241896073,0.9117120052125753
317,0.05212575338002932,0.03160123798664278,4.886789379377749E-4,0.003583645544877016,0.9118748981918879
318,0.05212575338002932,0.03160123798664278,4.886789379377749E-4,0.003583645544877016,0.9118748981918879
319,0.05212575338002932,0.03160123798664278,4.886789379377749E-4,0.003583645544877016,0.9118748981918879
320,0.05212575338002932,0.03160123798664278,4.886789379377749E-4,0.0034207525655644243,0.9120377911712005
321,0.05212575338002932,0.03160123798664278,4.886789379377749E-4,0.0032578595862518323,0.9122006841505131
322,0.05212575338002932,0.03160123798664278,4.886789379377749E-4,0.003094966606939241,0.9123635771298257
323,0.05212575338002932,0.03160123798664278,4.886789379377749E-4,0.003094966606939241,0.9123635771298257
324,0.05212575338002932,0.03160123798664278,4.886789379377749E-4,0.002769180648314058,0.9126893630884508
325,0.05212575338002932,0.03160123798664278,4.886789379377749E-4,0.002769180648314058,0.9126893630884508
326,0.05212575338002932,0.03160123798664278,4.886789379377749E-4,0.0024433946896888744,0.913015149047076
327,0.05212575338002932,0.03160123798664278,4.886789379377749E-4,0.002280501710376283,0.9131780420263886
328,0.05212575338002932,0.03160123798664278,4.886789379377749E-4,0.002280501710376283,0.9131780420263886
329,0.05212575338002932,0.03160123798664278,4.886789379377749E-4,0.002280501710376283,0.9131780420263886
330,0.05212575338002932,0.03160123798664278,4.886789379377749E-4,0.0021176087310636913,0.9133409350057012
331,0.05212575338002932,0.03160123798664278,4.886789379377749E-4,0.0021176087310636913,0.9133409350057012
332,0.05212575338002932,0.03160123798664278,3.2578595862518323E-4,0.002280501710376283,0.9133409350057012
333,0.05212575338002932,0.03160123798664278,3.2578595862518323E-4,0.0021176087310636913,0.9135038279850138
334,0.05212575338002932,0.03160123798664278,1.6289297931259162E-4,0.002280501710376283,0.9135038279850138
335,0.05212575338002932,0.03160123798664278,1.6289297931259162E-4,0.002280501710376283,0.9135038279850138
336,0.05212575338002932,0.03160123798664278,1.6289297931259162E-4,0.002280501710376283,0.9135038279850138
337,0.05212575338002932,0.03160123798664278,1.6289297931259162E-4,0.002280501710376283,0.9135038279850138
338,0.05212575338002932,0.03160123798664278,1.6289297931259162E-4,0.0021176087310636913,0.9136667209643264
339,0.05212575338002932,0.03160123798664278,1.6289297931259162E-4,0.0021176087310636913,0.9136667209643264
340,0.05212575338002932,0.03160123798664278,1.6289297931259162E-4,0.0021176087310636913,0.9136667209643264
341,0.05212575338002932,0.03160123798664278,1.6289297931259162E-4,0.0021176087310636913,0.9136667209643264
342,0.05212575338002932,0.03160123798664278,1.6289297931259162E-4,0.0021176087310636913,0.9136667209643264
343,0.05212575338002932,0.03160123798664278,1.6289297931259162E-4,0.0021176087310636913,0.9136667209643264
344,0.05212575338002932,0.03160123798664278,0.0,0.0021176087310636913,0.913829613943639
345,0.05212575338002932,0.03160123798664278,0.0,0.0021176087310636913,0.913829613943639
346,0.05212575338002932,0.03160123798664278,0.0,0.0019547157517510994,0.9139925069229516
347,0.05212575338002932,0.03160123798664278,0.0,0.0019547157517510994,0.9139925069229516
348,0.05212575338002932,0.03160123798664278,0.0,0.0019547157517510994,0.9139925069229516
349,0.05212575338002932,0.03160123798664278,0.0,0.0019547157517510994,0.9139925069229516
350,0.05212575338002932,0.03160123798664278,0.0,0.0019547157517510994,0.9139925069229516
351,0.05212575338002932,0.03160123798664278,0.0,0.0019547157517510994,0.9139925069229516
352,0.05212575338002932,0.03160123798664278,0.0,0.0019547157517510994,0.9139925069229516
353,0.05212575338002932,0.03160123798664278,0.0,0.0019547157517510994,0.9139925069229516
354,0.05212575338002932,0.03160123798664278,0.0,0.001791822772438508,0.9141553999022642
355,0.05212575338002932,0.03160123798664278,0.0,0.001791822772438508,0.9141553999022642
356,0.05212575338002932,0.03160123798664278,0.0,0.001791822772438508,0.9141553999022642
357,0.05212575338002932,0.03160123798664278,0.0,0.001791822772438508,0.9141553999022642
358,0.05212575338002932,0.03160123798664278,0.0,0.0016289297931259162,0.9143182928815768
359,0.05212575338002932,0.03160123798664278,0.0,0.0016289297931259162,0.9143182928815768
360,0.05212575338002932,0.03160123798664278,0.0,0.001303143834500733,0.9146440788402019
361,0.05212575338002932,0.03160123798664278,0.0,0.001303143834500733,0.9146440788402019
362,0.05212575338002932,0.03160123798664278,0.0,0.001303143834500733,0.9146440788402019
363,0.05212575338002932,0.03160123798664278,0.0,0.001303143834500733,0.9146440788402019
364,0.05212575338002932,0.03160123798664278,0.0,0.0011402508551881414,0.9148069718195145
365,0.05212575338002932,0.03160123798664278,0.0,0.0011402508551881414,0.9148069718195145
366,0.05212575338002932,0.03160123798664278,0.0,9.773578758755497E-4,0.9149698647988271
367,0.05212575338002932,0.03160123798664278,0.0,9.773578758755497E-4,0.9149698647988271
368,0.05212575338002932,0.03160123798664278,0.0,9.773578758755497E-4,0.9149698647988271
369,0.05212575338002932,0.03160123798664278,0.0,9.773578758755497E-4,0.9149698647988271
370,0.05212575338002932,0.03160123798664278,0.0,9.773578758755497E-4,0.9149698647988271
371,0.05212575338002932,0.03160123798664278,0.0,9.773578758755497E-4,0.9149698647988271
372,0.05212575338002932,0.03160123798664278,0.0,9.773578758755497E-4,0.9149698647988271
373,0.05212575338002932,0.03160123798664278,0.0,9.773578758755497E-4,0.9149698647988271
374,0.05212575338002932,0.03160123798664278,0.0,9.773578758755497E-4,0.9149698647988271
375,0.05212575338002932,0.03160123798664278,0.0,9.773578758755497E-4,0.9149698647988271
376,0.05212575338002932,0.03160123798664278,0.0,8.144648965629581E-4,0.9151327577781397
377,0.05212575338002932,0.03160123798664278,0.0,8.144648965629581E-4,0.9151327577781397
378,0.05212575338002932,0.03160123798664278,0.0,8.144648965629581E-4,0.9151327577781397
379,0.05212575338002932,0.03160123798664278,0.0,8.144648965629581E-4,0.9151327577781397
380,0.05212575338002932,0.03160123798664278,0.0,8.144648965629581E-4,0.9151327577781397
381,0.05212575338002932,0.03160123798664278,0.0,8.144648965629581E-4,0.9151327577781397
382,0.05212575338002932,0.03160123798664278,0.0,8.144648965629581E-4,0.9151327577781397
383,0.05212575338002932,0.03160123798664278,0.0,8.144648965629581E-4,0.9151327577781397
384,0.05212575338002932,0.03160123798664278,0.0,8.144648965629581E-4,0.9151327577781397
385,0.05212575338002932,0.03160123798664278,0.0,8.144648965629581E-4,0.9151327577781397
386,0.05212575338002932,0.03160123798664278,0.0,8.144648965629581E-4,0.9151327577781397
387,0.05212575338002932,0.03160123798664278,0.0,8.144648965629581E-4,0.9151327577781397
388,0.05212575338002932,0.03160123798664278,0.0,8.144648965629581E-4,0.9151327577781397
389,0.05212575338002932,0.03160123798664278,0.0,8.144648965629581E-4,0.9151327577781397
390,0.05212575338002932,0.03160123798664278,0.0,8.144648965629581E-4,0.9151327577781397
391,0.05212575338002932,0.03160123798664278,0.0,8.144648965629581E-4,0.9151327577781397
392,0.05212575338002932,0.03160123798664278,0.0,8.144648965629581E-4,0.9151327577781397
393,0.05212575338002932,0.03160123798664278,0.0,8.144648965629581E-4,0.9151327577781397
394,0.05212575338002932,0.03160123798664278,0.0,8.144648965629581E-4,0.9151327577781397
395,0.05212575338002932,0.03160123798664278,0.0,8.144648965629581E-4,0.9151327577781397
396,0.05212575338002932,0.03160123798664278,0.0,8.144648965629581E-4,0.9151327577781397
397,0.05212575338002932,0.03160123798664278,0.0,6.515719172503665E-4,0.9152956507574523
398,0.05212575338002932,0.03160123798664278,0.0,6.515719172503665E-4,0.9152956507574523
399,0.05212575338002932,0.03160123798664278,0.0,4.886789379377749E-4,0.9154585437367649
400,0.05212575338002932,0.03160123798664278,0.0,4.886789379377749E-4,0.9154585437367649
401,0.05212575338002932,0.03160123798664278,0.0,4.886789379377749E-4,0.9154585437367649
402,0.05212575338002932,0.03160123798664278,0.0,4.886789379377749E-4,0.9154585437367649
403,0.05212575338002932,0.03160123798664278,0.0,4.886789379377749E-4,0.9154585437367649
404,0.05212575338002932,0.03160123798664278,0.0,4.886789379377749E-4,0.9154585437367649
405,0.05212575338002932,0.03160123798664278,0.0,4.886789379377749E-4,0.9154585437367649
406,0.05212575338002932,0.03160123798664278,0.0,4.886789379377749E-4,0.9154585437367649
407,0.05212575338002932,0.03160123798664278,0.0,4.886789379377749E-4,0.9154585437367649
408,0.05212575338002932,0.03160123798664278,0.0,3.2578595862518323E-4,0.9156214367160775
409,0.05212575338002932,0.03160123798664278,0.0,3.2578595862518323E-4,0.9156214367160775
410,0.05212575338002932,0.03160123798664278,0.0,3.2578595862518323E-4,0.9156214367160775
411,0.05212575338002932,0.03160123798664278,0.0,3.2578595862518323E-4,0.9156214367160775
412,0.05212575338002932,0.03160123798664278,0.0,3.2578595862518323E-4,0.9156214367160775
413,0.05212575338002932,0.03160123798664278,0.0,3.2578595862518323E-4,0.9156214367160775
414,0.05212575338002932,0.03160123798664278,0.0,3.2578595862518323E-4,0.9156214367160775
415,0.05212575338002932,0.03160123798664278,0.0,3.2578595862518323E-4,0.9156214367160775
416,0.05212575338002932,0.03160123798664278,0.0,3.2578595862518323E-4,0.9156214367160775
417,0.05212575338002932,0.03160123798664278,0.0,3.2578595862518323E-4,0.9156214367160775
418,0.05212575338002932,0.03160123798664278,0.0,1.6289297931259162E-4,0.9157843296953901
419,0.05212575338002932,0.03160123798664278,0.0,1.6289297931259162E-4,0.9157843296953901
420,0.05212575338002932,0.03160123798664278,0.0,1.6289297931259162E-4,0.9157843296953901
421,0.05212575338002932,0.03160123798664278,0.0,1.6289297931259162E-4,0.9157843296953901
422,0.05212575338002932,0.03160123798664278,0.0,1.6289297931259162E-4,0.9157843296953901
423,0.05212575338002932,0.03160123798664278,0.0,1.6289297931259162E-4,0.9157843296953901
424,0.05212575338002932,0.03160123798664278,0.0,1.6289297931259162E-4,0.9157843296953901
425,0.05212575338002932,0.03160123798664278,0.0,1.6289297931259162E-4,0.9157843296953901
426,0.05212575338002932,0.03160123798664278,0.0,1.6289297931259162E-4,0.9157843296953901
427,0.05212575338002932,0.03160123798664278,0.0,1.6289297931259162E-4,0.9157843296953901
428,0.05212575338002932,0.03160123798664278,0.0,1.6289297931259162E-4,0.9157843296953901
429,0.05212575338002932,0.03160123798664278,0.0,1.6289297931259162E-4,0.9157843296953901
430,0.05212575338002932,0.03160123798664278,0.0,1.6289297931259162E-4,0.9157843296953901
431,0.05212575338002932,0.03160123798664278,0.0,1.6289297931259162E-4,0.9157843296953901
432,0.05212575338002932,0.03160123798664278,0.0,1.6289297931259162E-4,0.9157843296953901
433,0.05212575338002932,0.03160123798664278,0.0,1.6289297931259162E-4,0.9157843296953901
434,0.05212575338002932,0.03160123798664278,0.0,1.6289297931259162E-4,0.9157843296953901
435,0.05212575338002932,0.03160123798664278,0.0,1.6289297931259162E-4,0.9157843296953901
436,0.05212575338002932,0.03160123798664278,0.0,1.6289297931259162E-4,0.9157843296953901
437,0.05212575338002932,0.03160123798664278,0.0,1.6289297931259162E-4,0.9157843296953901
438,0.05212575338002932,0.03160123798664278,0.0,1.6289297931259162E-4,0.9157843296953901
439,0.05212575338002932,0.03160123798664278,0.0,1.6289297931259162E-4,0.9157843296953901
440,0.05212575338002932,0.03160123798664278,0.0,1.6289297931259162E-4,0.9157843296953901
441,0.05212575338002932,0.03160123798664278,0.0,1.6289297931259162E-4,0.9157843296953901
442,0.05212575338002932,0.03160123798664278,0.0,1.6289297931259162E-4,0.9157843296953901
443,0.05212575338002932,0.03160123798664278,0.0,1.6289297931259162E-4,0.9157843296953901
444,0.05212575338002932,0.03160123798664278,0.0,1.6289297931259162E-4,0.9157843296953901
445,0.05212575338002932,0.03160123798664278,0.0,1.6289297931259162E-4,0.9157843296953901
446,0.05212575338002932,0.03160123798664278,0.0,1.6289297931259162E-4,0.9157843296953901
447,0.05212575338002932,0.03160123798664278,0.0,1.6289297931259162E-4,0.9157843296953901
448,0.05212575338002932,0.03160123798664278,0.0,1.6289297931259162E-4,0.9157843296953901
449,0.05212575338002932,0.03160123798664278,0.0,1.6289297931259162E-4,0.9157843296953901
450,0.05212575338002932,0.03160123798664278,0.0,1.6289297931259162E-4,0.9157843296953901
451,0.05212575338002932,0.03160123798664278,0.0,1.6289297931259162E-4,0.9157843296953901
452,0.05212575338002932,0.03160123798664278,0.0,1.6289297931259162E-4,0.9157843296953901
453,0.05212575338002932,0.03160123798664278,0.0,1.6289297931259162E-4,0.9157843296953901
454,0.05212575338002932,0.03160123798664278,0.0,0.0,0.9159472226747027
455,0.05212575338002932,0.03160123798664278,0.0,0.0,0.9159472226747027
456,0.05212575338002932,0.03160123798664278,0.0,0.0,0.9159472226747027
457,0.05212575338002932,0.03160123798664278,0.0,0.0,0.9159472226747027
458,0.05212575338002932,0.03160123798664278,0.0,0.0,0.9159472226747027
459,0.05212575338002932,0.03160123798664278,0.0,0.0,0.9159472226747027
460,0.05212575338002932,0.03160123798664278,0.0,0.0,0.9159472226747027
461,0.05212575338002932,0.03160123798664278,0.0,0.0,0.9159472226747027
462,0.05212575338002932,0.03160123798664278,0.0,0.0,0.9159472226747027
463,0.05212575338002932,0.03160123798664278,0.0,0.0,0.9159472226747027
464,0.05212575338002932,0.03160123798664278,0.0,0.0,0.9159472226747027
465,0.05212575338002932,0.03160123798664278,0.0,0.0,0.9159472226747027
466,0.05212575338002932,0.03160123798664278,0.0,0.0,0.9159472226747027
467,0.05212575338002932,0.03160123798664278,0.0,0.0,0.9159472226747027
468,0.05212575338002932,0.03160123798664278,0.0,0.0,0.9159472226747027
469,0.05212575338002932,0.03160123798664278,0.0,0.0,0.9159472226747027
470,0.05212575338002932,0.03160123798664278,0.0,0.0,0.9159472226747027
471,0.05212575338002932,0.03160123798664278,0.0,0.0,0.9159472226747027
472,0.05212575338002932,0.03160123798664278,0.0,0.0,0.9159472226747027
473,0.05212575338002932,0.03160123798664278,0.0,0.0,0.9159472226747027
474,0.05212575338002932,0.03160123798664278,0.0,0.0,0.9159472226747027
475,0.05212575338002932,0.03160123798664278,0.0,0.0,0.9159472226747027
476,0.05212575338002932,0.03160123798664278,0.0,0.0,0.9159472226747027
477,0.05212575338002932,0.03160123798664278,0.0,0.0,0.9159472226747027
478,0.05212575338002932,0.03160123798664278,0.0,0.0,0.9159472226747027
479,0.05212575338002932,0.03160123798664278,0.0,-1.6289297931259162E-4,0.9161101156540153
480,0.05212575338002932,0.03160123798664278,0.0,-1.6289297931259162E-4,0.9161101156540153
481,0.05212575338002932,0.03160123798664278,0.0,-1.6289297931259162E-4,0.9161101156540153
482,0.05212575338002932,0.03160123798664278,0.0,-1.6289297931259162E-4,0.9161101156540153
483,0.05212575338002932,0.03160123798664278,0.0,-1.6289297931259162E-4,0.9161101156540153
484,0.05212575338002932,0.03160123798664278,0.0,-1.6289297931259162E-4,0.9161101156540153
485,0.05212575338002932,0.03160123798664278,0.0,-1.6289297931259162E-4,0.9161101156540153
486,0.05212575338002932,0.03160123798664278,0.0,-1.6289297931259162E-4,0.9161101156540153
487,0.05212575338002932,0.03160123798664278,0.0,-1.6289297931259162E-4,0.9161101156540153
488,0.05212575338002932,0.03160123798664278,0.0,-1.6289297931259162E-4,0.9161101156540153
489,0.05212575338002932,0.03160123798664278,0.0,-1.6289297931259162E-4,0.9161101156540153
490,0.05212575338002932,0.03160123798664278,0.0,-1.6289297931259162E-4,0.9161101156540153
491,0.05212575338002932,0.03160123798664278,0.0,-1.6289297931259162E-4,0.9161101156540153
492,0.05212575338002932,0.03160123798664278,0.0,-1.6289297931259162E-4,0.9161101156540153
493,0.05212575338002932,0.03160123798664278,0.0,-1.6289297931259162E-4,0.9161101156540153
494,0.05212575338002932,0.03160123798664278,0.0,-1.6289297931259162E-4,0.9161101156540153
495,0.05212575338002932,0.03160123798664278,0.0,-1.6289297931259162E-4,0.9161101156540153
496,0.05212575338002932,0.03160123798664278,0.0,-1.6289297931259162E-4,0.9161101156540153
497,0.05212575338002932,0.03160123798664278,0.0,-1.6289297931259162E-4,0.9161101156540153
498,0.05212575338002932,0.03160123798664278,0.0,-1.6289297931259162E-4,0.9161101156540153
499,0.05212575338002932,0.03160123798664278,0.0,-1.6289297931259162E-4,0.9161101156540153
