0,0.695,0.3,0,0.005,0
1,0.5096862497367867,0.2618445988629185,0.18330174773636554,0.044430406401347655,5.264266161297116E-4
2,0.3683933459675721,0.21636133922931144,0.3188039587281533,0.09317751105495894,0.003053274373552327
3,0.26658243840808593,0.17677405769635712,0.4111391871973047,0.13876605601179196,0.006527690040008423
4,0.20878079595704357,0.14381975152663717,0.45757001473994524,0.1781427668982944,0.011476100231627711
5,0.1657190987576332,0.11928827121499264,0.487260475889661,0.2105706464518846,0.01695093703937671
6,0.1376079174563066,0.10212676352916404,0.5027374184038745,0.23268056432933248,0.024636765634870498
7,0.1169719941040219,0.08928195409559907,0.5070541166561381,0.2531059170351653,0.03337544746262371
8,0.10244261949884186,0.07906927774268267,0.5051589808380712,0.2697409981048642,0.04337755316908823
9,0.09265108443882923,0.07033059591492946,0.49821014950515896,0.2844809433564961,0.05411665613813434
10,0.08433354390397979,0.06401347652137292,0.49041903558643923,0.2994314592545799,0.06159191408717625
11,0.07685828595493788,0.059065066329753634,0.48420720151610863,0.3088018530216888,0.07085702253105917
12,0.07064645188460729,0.053379658875552745,0.4766266582438408,0.3182775321120236,0.08085912823752368
13,0.0649610444304064,0.04895767530006317,0.4691514002947989,0.32659507264687304,0.09012423668140661
14,0.059486207622657404,0.044746262371025476,0.4606232891134976,0.33417561591914086,0.10075805432722679
15,0.05464308275426406,0.04148241735102127,0.45335860181090754,0.33933459675721206,0.11097073068014318
16,0.050852811118130135,0.03927142556327648,0.4454622025689619,0.3432301537165719,0.1209728363866077
17,0.04706253948199621,0.03674457780585386,0.43514424089281956,0.35081069698883977,0.13002737418403876
18,0.043798694461992,0.03442830069488313,0.4257738471257107,0.3523899768372289,0.14339861023373343
19,0.04064013476521373,0.03253316487681617,0.4169298799747315,0.35575910718045906,0.15392714255632764
20,0.03842914297746894,0.03063802905874921,0.4068224889450411,0.35681196041271845,0.16708780795957043
21,0.036428721836176035,0.029164034533586018,0.3970309538850284,0.3596546641398189,0.17751105495893874
22,0.035375868603916616,0.027374184038745,0.3852389976837229,0.3644977890082123,0.18730259001895136
23,0.034112444725205304,0.02642661612971152,0.37586860391661403,0.3654453569172457,0.19793640766477152
24,0.032638450200042114,0.02474205095809644,0.3661823541798273,0.3671299220888608,0.20909665192672142
25,0.03148031164455675,0.023478627079385132,0.35428511265529583,0.3698673404927353,0.22067803748157508
26,0.030006317119393555,0.022531059170351652,0.3434407243630238,0.370393767108865,0.2334175615919141
27,0.029164034533586018,0.02147820593809223,0.33343861865655927,0.37218361760370605,0.24352495262160453
28,0.028216466624552537,0.020846493998736577,0.32396293956622446,0.3708149084017688,0.25594862076226577
29,0.02705832806906717,0.02000421141292904,0.3158559696778269,0.3700779111391872,0.2667930090545378
30,0.02642661612971152,0.018951358180669616,0.3068014318803959,0.36965676984628343,0.2779532533164877
31,0.025584333543903978,0.01831964624131396,0.2979574647294167,0.36891977258370184,0.2890082122552116
32,0.024636765634870498,0.01737207833228048,0.2914297746894083,0.36691935144240895,0.2994314592545799
33,0.023899768372288903,0.017161507685828595,0.28269109286165506,0.3655506422404717,0.31048641819330386
34,0.023057485786481365,0.016529795746472942,0.2752158349126132,0.3648136449778901,0.3201726679300905
35,0.02242577384712571,0.016424510423247,0.2686881448726048,0.3621815118972415,0.3300694883133291
36,0.021688776584544114,0.016108654453569172,0.262792166771952,0.3602863760791746,0.3389134554643083
37,0.021267635291640344,0.01558222783743946,0.2545799115603285,0.3583912402611076,0.3499684144030322
38,0.02063592335228469,0.015371657190987577,0.2468940829648347,0.35554853653400714,0.361339229311434
39,0.019793640766477154,0.015161086544535692,0.23962939566224467,0.3553379658875553,0.3698673404927353
40,0.019477784796799326,0.015161086544535692,0.23215413771320279,0.35428511265529583,0.37871130764371447
41,0.018951358180669616,0.015055801221309749,0.22488945041061276,0.350389555695936,0.39050326384502
42,0.01831964624131396,0.014739945251631923,0.21909875763318593,0.34828384923141714,0.39934723099599917
43,0.017898504948410193,0.014424089281954095,0.21436091808801852,0.3437565803327016,0.40934933670246365
44,0.017687934301958308,0.0136870920193725,0.2078332280480101,0.3399663086965677,0.4206148662876395
45,0.017477363655506423,0.013581806696146557,0.20246367656348704,0.33680774899978944,0.4294588334386187
46,0.01695093703937671,0.012950094756790903,0.19656769846283428,0.33512318382817435,0.43819751526637185
47,0.01695093703937671,0.01273952411033902,0.1901452937460518,0.33407033059591495,0.4458833438618657
48,0.016740366392924828,0.01273952411033902,0.18361760370604338,0.33185933880817015,0.45483259633607076
49,0.016635081069698885,0.012528953463887134,0.17772162560539062,0.32817435249526217,0.46472941671930934
50,0.016108654453569172,0.012318382817435249,0.17298378606022322,0.32491050747525796,0.47346809854706257
51,0.01558222783743946,0.012318382817435249,0.16835123183828174,0.32238365971783534,0.48115392714255634
52,0.015161086544535692,0.012213097494209308,0.1640345335860181,0.3185933880817014,0.4897873236470836
53,0.014845230574857865,0.012213097494209308,0.1592966940408507,0.31375026321330807,0.4996841440303222
54,0.01463465992840598,0.012002526847757423,0.15476942514213518,0.3096441356074963,0.5087386818277532
55,0.01463465992840598,0.01189724152453148,0.1498210149505159,0.3068014318803959,0.5166350810696989
56,0.014108233312276269,0.011791956201305537,0.1458201726679301,0.30227416298168036,0.5257949041903559
57,0.014002947989050326,0.011686670878079595,0.14118761844598862,0.29837860602232047,0.5345335860181091
58,0.013581806696146557,0.011581385554853654,0.13802905874921037,0.2945883343861866,0.542008843967151
59,0.013160665403242788,0.011581385554853654,0.13423878711307644,0.29048220678037484,0.5503263845020004
60,0.013055380080016846,0.011581385554853654,0.1304485154769425,0.2861655085281112,0.5585386397136239
61,0.01273952411033902,0.011370814908401769,0.12728995578016425,0.28069067172036216,0.5676984628342809
62,0.012528953463887134,0.011265529585175826,0.12349968414403033,0.27763739734680987,0.574857864813645
63,0.012318382817435249,0.011265529585175826,0.12034112444725205,0.2730048431248684,0.5828595493788166
64,0.01189724152453148,0.011160244261949883,0.11749842072015161,0.2706885660138977,0.5885449568330174
65,0.011581385554853654,0.011054958938723942,0.11518214360918089,0.26658243840808593,0.5953885028427037
66,0.011476100231627711,0.011054958938723942,0.11286586649821015,0.262792166771952,0.6016003369130343
67,0.011370814908401769,0.010949673615498,0.10991787744788377,0.25963360707517374,0.6079174563065909
68,0.011265529585175826,0.010949673615498,0.10707517372078332,0.25605390608549167,0.6144451463465993
69,0.011265529585175826,0.010739102969046115,0.10244261949884186,0.25405348494419877,0.6212886923562856
70,0.011265529585175826,0.010739102969046115,0.09938934512528953,0.2503684986312908,0.6280269530427458
71,0.011265529585175826,0.010739102969046115,0.09665192672141504,0.24605180037902716,0.635081069698884
72,0.011160244261949883,0.010739102969046115,0.09349336702463676,0.24331438197515268,0.6410823331227626
73,0.010949673615498,0.010528532322594231,0.09075594862076226,0.24120867551063382,0.6463465992840598
74,0.010633817645820172,0.010423246999368288,0.08822910086333965,0.23878711307643716,0.6517161507685829
75,0.010528532322594231,0.01000210570646452,0.08496525584333543,0.23805011581385555,0.6562434196672984
76,0.010317961676142346,0.01000210570646452,0.08275426405559065,0.23499684144030322,0.6617182564750473
77,0.010317961676142346,0.01000210570646452,0.08043798694461991,0.23152242577384713,0.6675089492524742
78,0.010317961676142346,0.009896820383238577,0.07812170983364919,0.2275215834912613,0.6739313539692566
79,0.010212676352916403,0.009896820383238577,0.07517372078332281,0.22362602653190145,0.6808801853021689
80,0.010212676352916403,0.009896820383238577,0.07285744367235207,0.2202568961886713,0.6865655927563697
81,0.01000210570646452,0.009791535060012634,0.07096230785428512,0.2162560539060855,0.6927774268267004
82,0.01000210570646452,0.009580964413560749,0.06822488945041061,0.21351863550221098,0.6984628342809013
83,0.01000210570646452,0.009580964413560749,0.06601389766266583,0.20962307854285112,0.7045693830280059
84,0.009791535060012634,0.009580964413560749,0.06380290587492103,0.20646451884607286,0.7101495051589808
85,0.009686249736786692,0.009580964413560749,0.06148662876395031,0.20446409770477994,0.7145714887344704
86,0.009370393767108865,0.009580964413560749,0.05895978100652769,0.20141082333122762,0.7204674668351232
87,0.009265108443882923,0.009475679090334808,0.057275215834912616,0.1993051168667088,0.724468309117709
88,0.009265108443882923,0.009475679090334808,0.05559065066329753,0.19625184249315644,0.7292061486628764
89,0.009265108443882923,0.009265108443882923,0.0532743735523268,0.19393556538218573,0.7340492735312697
90,0.00915982312065698,0.008949252474205097,0.05180037902716361,0.19130343230153718,0.7385765424299853
91,0.00915982312065698,0.008949252474205097,0.05011581385554854,0.18835544325121079,0.7432090966519267
92,0.009054537797431038,0.008949252474205097,0.04895767530006317,0.1839334596757212,0.7488945041061276
93,0.009054537797431038,0.008949252474205097,0.04727311012844809,0.1814066119182986,0.7531059170351653
94,0.008949252474205097,0.008949252474205097,0.04600968624973679,0.17708991366603496,0.7587913244893661
95,0.008843967150979154,0.008949252474205097,0.04516740366392925,0.17393135396925669,0.7628974520951779
96,0.008843967150979154,0.008633396504527269,0.04411455043166983,0.17056222362602652,0.7676352916403454
97,0.008843967150979154,0.008528111181301326,0.04264055590650663,0.16771951989892608,0.7720572752158349
98,0.008843967150979154,0.008422825858075385,0.041798273320699096,0.16477153084859972,0.7759528321751947
99,0.008843967150979154,0.008422825858075385,0.040955990734891555,0.16150768582859548,0.7800589597810065
100,0.008843967150979154,0.008422825858075385,0.04011370814908402,0.15761212886923562,0.784796799326174
101,0.008843967150979154,0.008422825858075385,0.03927142556327648,0.1552958517582649,0.7879553590229522
102,0.008738681827753211,0.008422825858075385,0.038639713623920824,0.15276900400084228,0.7912192040429564
103,0.008738681827753211,0.008317540534849443,0.037586860391661404,0.15045272688987155,0.7946936197094125
104,0.008738681827753211,0.008317540534849443,0.03653400715940198,0.14687302590018952,0.799326173931354
105,0.008738681827753211,0.0082122552116235,0.035375868603916616,0.14466203411244472,0.8028005895978101
106,0.008633396504527269,0.0082122552116235,0.03463887134133502,0.14202990103179616,0.8062750052642662
107,0.008528111181301326,0.0082122552116235,0.0335860181090756,0.13981890924405138,0.8096441356074963
108,0.008528111181301326,0.0082122552116235,0.03242787955359023,0.13697620551695094,0.8136449778900822
109,0.008528111181301326,0.0082122552116235,0.03179616761423457,0.13329121920404297,0.8179616761423457
110,0.008528111181301326,0.0082122552116235,0.03063802905874921,0.13097494209307223,0.8214360918088018
111,0.008528111181301326,0.0082122552116235,0.029585175826489788,0.12781638239629395,0.8256475047378395
112,0.008528111181301326,0.0082122552116235,0.028111181301326595,0.12602653190145294,0.8289113497578438
113,0.008528111181301326,0.0082122552116235,0.027374184038745,0.12286797220467467,0.8328069067172036
114,0.008528111181301326,0.0082122552116235,0.0266371867761634,0.11939355653821858,0.8370183196462413
115,0.008422825858075385,0.0082122552116235,0.025794904190355863,0.11676142345757001,0.8405980206359234
116,0.008317540534849443,0.0082122552116235,0.02547904822067804,0.11518214360918089,0.8425984417772162
117,0.008317540534849443,0.0082122552116235,0.024531480311644555,0.11244472520530638,0.8462834280901242
118,0.008317540534849443,0.0082122552116235,0.02421562434196673,0.11054958938723942,0.848494419877869
119,0.008317540534849443,0.0082122552116235,0.023899768372288903,0.10865445356917246,0.8507054116656139
120,0.008317540534849443,0.0082122552116235,0.02337334175615919,0.1065487471046536,0.8533375447462623
121,0.0082122552116235,0.008106969888397557,0.022952200463255423,0.10433775531690882,0.8561802484733628
122,0.0082122552116235,0.008106969888397557,0.022636344493577595,0.10149505158980839,0.8593388081701411
123,0.0082122552116235,0.008106969888397557,0.021899347230996,0.09886291850915982,0.8627079385133712
124,0.0082122552116235,0.008106969888397557,0.021372920614866286,0.09633607075173721,0.8657612128869235
125,0.0082122552116235,0.008001684565171615,0.021162349968414405,0.09465150558012213,0.8677616340282165
126,0.0082122552116235,0.008001684565171615,0.02021478205938092,0.09328279637818489,0.8700779111391872
127,0.0082122552116235,0.008001684565171615,0.01958307012002527,0.09180880185302169,0.872183617603706
128,0.0082122552116235,0.008001684565171615,0.01926721415034744,0.08875552747946937,0.8755527479469362
129,0.0082122552116235,0.008001684565171615,0.018424931564539903,0.08738681827753211,0.877763739734681
130,0.0082122552116235,0.008001684565171615,0.017687934301958308,0.0853863971362392,0.8805011581385555
131,0.008106969888397557,0.008001684565171615,0.017161507685828595,0.08359654664139819,0.8829227205727521
132,0.008106969888397557,0.008001684565171615,0.016740366392924828,0.08254369340913877,0.8843967150979154
133,0.008001684565171615,0.008001684565171615,0.016424510423247,0.08001684565171616,0.8873447041482417
134,0.008001684565171615,0.008001684565171615,0.01558222783743946,0.07770056854074542,0.89050326384502
135,0.008001684565171615,0.008001684565171615,0.014950515898083806,0.07633185933880816,0.8925036849863129
136,0.008001684565171615,0.008001684565171615,0.01463465992840598,0.07380501158138555,0.8953463887134133
137,0.008001684565171615,0.008001684565171615,0.014002947989050326,0.07233101705622236,0.8974520951779322
138,0.008001684565171615,0.008001684565171615,0.013371236049694672,0.07033059591492946,0.9000842282585807
139,0.008001684565171615,0.007896399241945672,0.012950094756790903,0.06990945462202569,0.9010317961676142
140,0.008001684565171615,0.007896399241945672,0.012318382817435249,0.06917245735944409,0.9024005053695515
141,0.008001684565171615,0.007896399241945672,0.012107812170983365,0.06780374815750684,0.9039797852179406
142,0.008001684565171615,0.007896399241945672,0.01189724152453148,0.06696146557169931,0.9050326384502
143,0.007896399241945672,0.007896399241945672,0.011476100231627711,0.06517161507685829,0.9073489155611708
144,0.007896399241945672,0.007896399241945672,0.011160244261949883,0.06338176458201726,0.9094546220256896
145,0.007896399241945672,0.007896399241945672,0.010739102969046115,0.062434196672983784,0.9108233312276268
146,0.007896399241945672,0.007896399241945672,0.010528532322594231,0.060539060854916824,0.9129290376921457
147,0.007896399241945672,0.007896399241945672,0.009896820383238577,0.05969677826910929,0.9144030322173089
148,0.007896399241945672,0.007896399241945672,0.009580964413560749,0.058328069067172035,0.916087597388924
149,0.007896399241945672,0.007896399241945672,0.009475679090334808,0.0567487892187829,0.9177721625605391
150,0.007896399241945672,0.007896399241945672,0.00915982312065698,0.054958938723941884,0.9198778690250579
151,0.007896399241945672,0.007896399241945672,0.008949252474205097,0.05359022952200463,0.9214571488734471
152,0.007896399241945672,0.007896399241945672,0.008738681827753211,0.05222152032006738,0.9230364287218362
153,0.007896399241945672,0.007896399241945672,0.008528111181301326,0.0512739524110339,0.9241945672773215
154,0.007896399241945672,0.007896399241945672,0.008317540534849443,0.05032638450200042,0.9253527058328069
155,0.007896399241945672,0.007896399241945672,0.008001684565171615,0.049589387239418824,0.9264055590650663
156,0.007896399241945672,0.007896399241945672,0.00779111391871973,0.04801010739102969,0.9281954095599073
157,0.007896399241945672,0.007896399241945672,0.00779111391871973,0.046325542219414616,0.9298799747315224
158,0.007896399241945672,0.007896399241945672,0.007475257949041903,0.04527268898715519,0.9312486839334597
159,0.00779111391871973,0.007896399241945672,0.007054116656138134,0.044640977047799534,0.932406822488945
160,0.007685828595493788,0.007896399241945672,0.007054116656138134,0.04369340913876606,0.9334596757212045
161,0.007685828595493788,0.007896399241945672,0.00684354600968625,0.04295641187618446,0.934407243630238
162,0.007685828595493788,0.007896399241945672,0.006738260686460307,0.041692987997473153,0.9357759528321752
163,0.007685828595493788,0.007896399241945672,0.006527690040008423,0.0410612760581175,0.9366182354179827
164,0.007685828595493788,0.007896399241945672,0.006317119393556538,0.03958728153295431,0.9383028005895978
165,0.007580543272267846,0.007896399241945672,0.006211834070330596,0.038744998947146767,0.9393556538218573
166,0.007475257949041903,0.007896399241945672,0.006211834070330596,0.03811328700779111,0.9400926510844388
167,0.007475257949041903,0.007896399241945672,0.006106548747104654,0.03769214571488735,0.9406190777005685
168,0.007475257949041903,0.007896399241945672,0.005895978100652769,0.036849863129079806,0.941671930932828
169,0.007475257949041903,0.007896399241945672,0.005790692777426827,0.036428721836176035,0.9421983575489576
170,0.007475257949041903,0.007896399241945672,0.005685407454200884,0.0348494419877869,0.9438829227205727
171,0.007475257949041903,0.007896399241945672,0.005474836807749,0.03432301537165719,0.9446199199831543
172,0.007475257949041903,0.007896399241945672,0.005369551484523057,0.03274373552326806,0.9463044851547694
173,0.007475257949041903,0.007896399241945672,0.005158980838071173,0.032217308907138344,0.947041482417351
174,0.007475257949041903,0.007896399241945672,0.005158980838071173,0.03158559696778269,0.9476731943567067
175,0.007475257949041903,0.007896399241945672,0.0049484101916192885,0.03063802905874921,0.948831332912192
176,0.007475257949041903,0.007896399241945672,0.004632554221941461,0.029901031796167613,0.9498841861444515
177,0.007475257949041903,0.007896399241945672,0.004316698252263634,0.029479890503263845,0.950621183407033
178,0.007475257949041903,0.007896399241945672,0.004316698252263634,0.02884817856390819,0.9512528953463887
179,0.007475257949041903,0.007896399241945672,0.004316698252263634,0.028111181301326595,0.9519898926089703
180,0.007475257949041903,0.007896399241945672,0.004316698252263634,0.027268898715519057,0.9528321751947778
181,0.007475257949041903,0.007896399241945672,0.004211412929037693,0.026742472099389344,0.9534638871341335
182,0.007475257949041903,0.007896399241945672,0.004211412929037693,0.02611076016003369,0.9540955990734892
183,0.007475257949041903,0.007896399241945672,0.00410612760581175,0.025900189513581806,0.9544114550431669
184,0.007475257949041903,0.007896399241945672,0.00410612760581175,0.02516319225100021,0.9551484523057486
185,0.007475257949041903,0.007896399241945672,0.003790271636133923,0.024952621604548326,0.9556748789218783
186,0.007475257949041903,0.007896399241945672,0.0036849863129079807,0.02421562434196673,0.9565171615076858
187,0.007475257949041903,0.007896399241945672,0.0035797009896820385,0.023583912402611075,0.9572541587702674
188,0.007475257949041903,0.007896399241945672,0.0033691303432301536,0.02337334175615919,0.9576753000631711
189,0.007475257949041903,0.007896399241945672,0.003158559696778269,0.022320488523899767,0.9589387239418825
190,0.007475257949041903,0.007896399241945672,0.002842703727100442,0.021794061907770057,0.95978100652769
191,0.007475257949041903,0.007896399241945672,0.002842703727100442,0.02147820593809223,0.9600968624973679
192,0.007475257949041903,0.007896399241945672,0.002526847757422615,0.021162349968414405,0.9607285744367235
193,0.007475257949041903,0.00779111391871973,0.002526847757422615,0.02095177932196252,0.9610444304064013
194,0.007475257949041903,0.00779111391871973,0.002421562434196673,0.020741208675510634,0.9613602863760792
195,0.007475257949041903,0.00779111391871973,0.002421562434196673,0.02000421141292904,0.9620972836386608
196,0.007475257949041903,0.00779111391871973,0.0023162771109707307,0.019477784796799326,0.9627289955780164
197,0.007475257949041903,0.00779111391871973,0.0022109917877447885,0.019056643503895555,0.9632554221941462
198,0.007475257949041903,0.00779111391871973,0.0022109917877447885,0.01874078753421773,0.9635712781638239
199,0.007475257949041903,0.00779111391871973,0.0021057064645188463,0.018109075594862075,0.9643082754264055
200,0.007475257949041903,0.00779111391871973,0.0020004211412929036,0.01779321962518425,0.9647294167193093
201,0.007475257949041903,0.00779111391871973,0.0020004211412929036,0.017266793009054537,0.965255843335439
202,0.007475257949041903,0.00779111391871973,0.0017898504948410192,0.017161507685828595,0.9655716993051169
203,0.007475257949041903,0.00779111391871973,0.0015792798483891346,0.017161507685828595,0.9657822699515688
204,0.007475257949041903,0.00779111391871973,0.0014739945251631922,0.01695093703937671,0.9660981259212466
205,0.007475257949041903,0.00779111391871973,0.00136870920193725,0.016529795746472942,0.9666245525373763
206,0.007475257949041903,0.00779111391871973,0.00136870920193725,0.015898083807117287,0.967256264476732
207,0.007475257949041903,0.00779111391871973,0.0012634238787113076,0.01547694251421352,0.9677826910928616
208,0.007475257949041903,0.00779111391871973,0.0012634238787113076,0.015371657190987577,0.9678879764160876
209,0.007475257949041903,0.00779111391871973,0.0012634238787113076,0.014739945251631923,0.9685196883554432
210,0.007475257949041903,0.00779111391871973,0.0012634238787113076,0.014424089281954095,0.9688355443251211
211,0.007475257949041903,0.00779111391871973,0.0010528532322594231,0.014213518635502211,0.9692566856180248
212,0.007475257949041903,0.00779111391871973,9.475679090334807E-4,0.014318803958728154,0.9692566856180248
213,0.007475257949041903,0.00779111391871973,9.475679090334807E-4,0.013581806696146557,0.9699936828806064
214,0.007475257949041903,0.00779111391871973,9.475679090334807E-4,0.013160665403242788,0.9704148241735102
215,0.007475257949041903,0.00779111391871973,9.475679090334807E-4,0.01284480943356496,0.9707306801431881
216,0.007475257949041903,0.00779111391871973,8.422825858075384E-4,0.012423668140661192,0.9712571067593178
217,0.007475257949041903,0.00779111391871973,8.422825858075384E-4,0.012002526847757423,0.9716782480522215
218,0.007475257949041903,0.00779111391871973,8.422825858075384E-4,0.011791956201305537,0.9718888186986734
219,0.007475257949041903,0.00779111391871973,8.422825858075384E-4,0.011476100231627711,0.9722046746683513
220,0.007475257949041903,0.00779111391871973,8.422825858075384E-4,0.011476100231627711,0.9722046746683513
221,0.007475257949041903,0.00779111391871973,8.422825858075384E-4,0.011054958938723942,0.972625815961255
222,0.007475257949041903,0.00779111391871973,8.422825858075384E-4,0.010739102969046115,0.9729416719309328
223,0.007475257949041903,0.00779111391871973,8.422825858075384E-4,0.010423246999368288,0.9732575279006107
224,0.007475257949041903,0.00779111391871973,8.422825858075384E-4,0.01010739102969046,0.9735733838702885
225,0.007475257949041903,0.00779111391871973,8.422825858075384E-4,0.009580964413560749,0.9740998104864181
226,0.007475257949041903,0.00779111391871973,7.369972625815961E-4,0.009475679090334808,0.97431038113287
227,0.007475257949041903,0.00779111391871973,7.369972625815961E-4,0.009265108443882923,0.974520951779322
228,0.007475257949041903,0.00779111391871973,6.317119393556538E-4,0.00915982312065698,0.9747315224257739
229,0.007475257949041903,0.00779111391871973,6.317119393556538E-4,0.008949252474205097,0.9749420930722257
230,0.007475257949041903,0.00779111391871973,6.317119393556538E-4,0.008843967150979154,0.9750473783954516
231,0.007475257949041903,0.00779111391871973,5.264266161297116E-4,0.008949252474205097,0.9750473783954516
232,0.007475257949041903,0.00779111391871973,5.264266161297116E-4,0.008843967150979154,0.9751526637186776
233,0.007475257949041903,0.00779111391871973,5.264266161297116E-4,0.008738681827753211,0.9752579490419035
234,0.007475257949041903,0.00779111391871973,5.264266161297116E-4,0.008528111181301326,0.9754685196883555
235,0.007475257949041903,0.00779111391871973,5.264266161297116E-4,0.008422825858075385,0.9755738050115814
236,0.007475257949041903,0.00779111391871973,4.211412929037692E-4,0.008528111181301326,0.9755738050115814
237,0.007475257949041903,0.00779111391871973,4.211412929037692E-4,0.0082122552116235,0.9758896609812592
238,0.007475257949041903,0.00779111391871973,4.211412929037692E-4,0.008001684565171615,0.9761002316277111
239,0.007475257949041903,0.00779111391871973,4.211412929037692E-4,0.007896399241945672,0.976205516950937
240,0.007475257949041903,0.00779111391871973,4.211412929037692E-4,0.007896399241945672,0.976205516950937
241,0.007475257949041903,0.00779111391871973,4.211412929037692E-4,0.00779111391871973,0.976310802274163
242,0.007475257949041903,0.00779111391871973,4.211412929037692E-4,0.007369972625815961,0.9767319435670667
243,0.007475257949041903,0.00779111391871973,4.211412929037692E-4,0.006948831332912192,0.9771530848599705
244,0.007475257949041903,0.00779111391871973,4.211412929037692E-4,0.00684354600968625,0.9772583701831965
245,0.007475257949041903,0.00779111391871973,4.211412929037692E-4,0.006527690040008423,0.9775742261528743
246,0.007475257949041903,0.00779111391871973,4.211412929037692E-4,0.006211834070330596,0.9778900821225521
247,0.007475257949041903,0.00779111391871973,4.211412929037692E-4,0.006211834070330596,0.9778900821225521
248,0.007475257949041903,0.00779111391871973,4.211412929037692E-4,0.006106548747104654,0.9779953674457781
249,0.007475257949041903,0.00779111391871973,4.211412929037692E-4,0.005895978100652769,0.97820593809223
250,0.007475257949041903,0.00779111391871973,4.211412929037692E-4,0.005790692777426827,0.9783112234154558
251,0.007475257949041903,0.00779111391871973,3.158559696778269E-4,0.005790692777426827,0.9784165087386818
252,0.007475257949041903,0.00779111391871973,3.158559696778269E-4,0.005685407454200884,0.9785217940619078
253,0.007475257949041903,0.00779111391871973,3.158559696778269E-4,0.005369551484523057,0.9788376500315856
254,0.007475257949041903,0.00779111391871973,2.105706464518846E-4,0.00505369551484523,0.9792587913244893
255,0.007475257949041903,0.00779111391871973,2.105706464518846E-4,0.0049484101916192885,0.9793640766477153
256,0.007475257949041903,0.00779111391871973,2.105706464518846E-4,0.004843124868393346,0.9794693619709413
257,0.007475257949041903,0.00779111391871973,2.105706464518846E-4,0.004843124868393346,0.9794693619709413
258,0.007475257949041903,0.00779111391871973,2.105706464518846E-4,0.004843124868393346,0.9794693619709413
259,0.007475257949041903,0.00779111391871973,2.105706464518846E-4,0.004843124868393346,0.9794693619709413
260,0.007475257949041903,0.00779111391871973,2.105706464518846E-4,0.004737839545167404,0.9795746472941672
261,0.007475257949041903,0.00779111391871973,2.105706464518846E-4,0.004737839545167404,0.9795746472941672
262,0.007475257949041903,0.00779111391871973,2.105706464518846E-4,0.004737839545167404,0.9795746472941672
263,0.007475257949041903,0.00779111391871973,2.105706464518846E-4,0.004632554221941461,0.9796799326173932
264,0.007475257949041903,0.00779111391871973,1.052853232259423E-4,0.004421983575489577,0.9799957885870709
265,0.007475257949041903,0.00779111391871973,1.052853232259423E-4,0.004421983575489577,0.9799957885870709
266,0.007475257949041903,0.00779111391871973,1.052853232259423E-4,0.004211412929037693,0.9802063592335228
267,0.007475257949041903,0.00779111391871973,1.052853232259423E-4,0.004211412929037693,0.9802063592335228
268,0.007475257949041903,0.00779111391871973,1.052853232259423E-4,0.004000842282585807,0.9804169298799748
269,0.007475257949041903,0.00779111391871973,1.052853232259423E-4,0.004000842282585807,0.9804169298799748
270,0.007475257949041903,0.00779111391871973,1.052853232259423E-4,0.003790271636133923,0.9806275005264267
271,0.007475257949041903,0.00779111391871973,1.052853232259423E-4,0.003790271636133923,0.9806275005264267
272,0.007475257949041903,0.00779111391871973,1.052853232259423E-4,0.0036849863129079807,0.9807327858496525
273,0.007475257949041903,0.00779111391871973,1.052853232259423E-4,0.0036849863129079807,0.9807327858496525
274,0.007475257949041903,0.00779111391871973,1.052853232259423E-4,0.0036849863129079807,0.9807327858496525
275,0.007475257949041903,0.00779111391871973,1.052853232259423E-4,0.0035797009896820385,0.9808380711728785
276,0.007475257949041903,0.00779111391871973,1.052853232259423E-4,0.003474415666456096,0.9809433564961044
277,0.007475257949041903,0.00779111391871973,1.052853232259423E-4,0.003474415666456096,0.9809433564961044
278,0.007475257949041903,0.00779111391871973,1.052853232259423E-4,0.0032638450200042114,0.9811539271425563
279,0.007475257949041903,0.00779111391871973,1.052853232259423E-4,0.003158559696778269,0.9812592124657823
280,0.007475257949041903,0.00779111391871973,1.052853232259423E-4,0.003053274373552327,0.9813644977890082
281,0.007475257949041903,0.00779111391871973,1.052853232259423E-4,0.0029479890503263844,0.9814697831122342
282,0.007475257949041903,0.00779111391871973,1.052853232259423E-4,0.002842703727100442,0.98157506843546
283,0.007475257949041903,0.00779111391871973,1.052853232259423E-4,0.002842703727100442,0.98157506843546
284,0.007475257949041903,0.00779111391871973,1.052853232259423E-4,0.0026321330806485578,0.981785639081912
285,0.007475257949041903,0.00779111391871973,1.052853232259423E-4,0.0026321330806485578,0.981785639081912
286,0.007475257949041903,0.00779111391871973,1.052853232259423E-4,0.0026321330806485578,0.981785639081912
287,0.007475257949041903,0.00779111391871973,1.052853232259423E-4,0.0023162771109707307,0.9821014950515898
288,0.007475257949041903,0.00779111391871973,1.052853232259423E-4,0.0023162771109707307,0.9821014950515898
289,0.007475257949041903,0.00779111391871973,1.052853232259423E-4,0.0023162771109707307,0.9821014950515898
290,0.007475257949041903,0.00779111391871973,1.052853232259423E-4,0.0022109917877447885,0.9822067803748158
291,0.007475257949041903,0.00779111391871973,1.052853232259423E-4,0.0022109917877447885,0.9822067803748158
292,0.007475257949041903,0.00779111391871973,1.052853232259423E-4,0.0022109917877447885,0.9822067803748158
293,0.007475257949041903,0.00779111391871973,1.052853232259423E-4,0.0022109917877447885,0.9822067803748158
294,0.007475257949041903,0.00779111391871973,1.052853232259423E-4,0.0022109917877447885,0.9822067803748158
295,0.007475257949041903,0.00779111391871973,1.052853232259423E-4,0.0021057064645188463,0.9823120656980417
296,0.007475257949041903,0.00779111391871973,1.052853232259423E-4,0.0021057064645188463,0.9823120656980417
297,0.007475257949041903,0.00779111391871973,0.0,0.0022109917877447885,0.9823120656980417
298,0.007475257949041903,0.00779111391871973,0.0,0.0022109917877447885,0.9823120656980417
299,0.007475257949041903,0.00779111391871973,0.0,0.0021057064645188463,0.9824173510212676
300,0.007475257949041903,0.00779111391871973,0.0,0.0020004211412929036,0.9825226363444935
301,0.007475257949041903,0.00779111391871973,0.0,0.0017898504948410192,0.9827332069909455
302,0.007475257949041903,0.00779111391871973,0.0,0.0017898504948410192,0.9827332069909455
303,0.007475257949041903,0.00779111391871973,0.0,0.0017898504948410192,0.9827332069909455
304,0.007475257949041903,0.00779111391871973,0.0,0.0016845651716150768,0.9828384923141714
305,0.007475257949041903,0.00779111391871973,0.0,0.0016845651716150768,0.9828384923141714
306,0.007475257949041903,0.00779111391871973,0.0,0.0016845651716150768,0.9828384923141714
307,0.007475257949041903,0.00779111391871973,0.0,0.0015792798483891346,0.9829437776373974
308,0.007475257949041903,0.00779111391871973,0.0,0.0015792798483891346,0.9829437776373974
309,0.007475257949041903,0.00779111391871973,0.0,0.0015792798483891346,0.9829437776373974
310,0.007475257949041903,0.00779111391871973,0.0,0.0015792798483891346,0.9829437776373974
311,0.007475257949041903,0.00779111391871973,0.0,0.0014739945251631922,0.9830490629606233
312,0.007475257949041903,0.00779111391871973,0.0,0.0014739945251631922,0.9830490629606233
313,0.007475257949041903,0.00779111391871973,0.0,0.0014739945251631922,0.9830490629606233
314,0.007475257949041903,0.00779111391871973,0.0,0.0014739945251631922,0.9830490629606233
315,0.007475257949041903,0.00779111391871973,0.0,0.0014739945251631922,0.9830490629606233
316,0.007475257949041903,0.00779111391871973,0.0,0.0014739945251631922,0.9830490629606233
317,0.007475257949041903,0.00779111391871973,0.0,0.0014739945251631922,0.9830490629606233
318,0.007475257949041903,0.00779111391871973,0.0,0.0014739945251631922,0.9830490629606233
319,0.007475257949041903,0.00779111391871973,0.0,0.0014739945251631922,0.9830490629606233
320,0.007475257949041903,0.00779111391871973,0.0,0.0014739945251631922,0.9830490629606233
321,0.007475257949041903,0.00779111391871973,0.0,0.0014739945251631922,0.9830490629606233
322,0.007475257949041903,0.00779111391871973,0.0,0.0014739945251631922,0.9830490629606233
323,0.007475257949041903,0.00779111391871973,0.0,0.0014739945251631922,0.9830490629606233
324,0.007475257949041903,0.00779111391871973,0.0,0.00136870920193725,0.9831543482838492
325,0.007475257949041903,0.00779111391871973,0.0,0.00136870920193725,0.9831543482838492
326,0.007475257949041903,0.00779111391871973,0.0,0.00136870920193725,0.9831543482838492
327,0.007475257949041903,0.00779111391871973,0.0,0.0012634238787113076,0.9832596336070751
328,0.007475257949041903,0.00779111391871973,0.0,0.0010528532322594231,0.983470204253527
329,0.007475257949041903,0.00779111391871973,0.0,0.0010528532322594231,0.983470204253527
330,0.007475257949041903,0.00779111391871973,0.0,0.0010528532322594231,0.983470204253527
331,0.007475257949041903,0.00779111391871973,0.0,9.475679090334807E-4,0.983575489576753
332,0.007475257949041903,0.00779111391871973,0.0,9.475679090334807E-4,0.983575489576753
333,0.007475257949041903,0.00779111391871973,0.0,9.475679090334807E-4,0.983575489576753
334,0.007475257949041903,0.00779111391871973,0.0,9.475679090334807E-4,0.983575489576753
335,0.007475257949041903,0.00779111391871973,0.0,9.475679090334807E-4,0.983575489576753
336,0.007475257949041903,0.00779111391871973,0.0,9.475679090334807E-4,0.983575489576753
337,0.007475257949041903,0.00779111391871973,0.0,9.475679090334807E-4,0.983575489576753
338,0.007475257949041903,0.00779111391871973,0.0,9.475679090334807E-4,0.983575489576753
339,0.007475257949041903,0.00779111391871973,0.0,9.475679090334807E-4,0.983575489576753
340,0.007475257949041903,0.00779111391871973,0.0,9.475679090334807E-4,0.983575489576753
341,0.007475257949041903,0.00779111391871973,0.0,9.475679090334807E-4,0.983575489576753
342,0.007475257949041903,0.00779111391871973,0.0,9.475679090334807E-4,0.983575489576753
343,0.007475257949041903,0.00779111391871973,0.0,9.475679090334807E-4,0.983575489576753
344,0.007475257949041903,0.00779111391871973,0.0,9.475679090334807E-4,0.983575489576753
345,0.007475257949041903,0.00779111391871973,0.0,9.475679090334807E-4,0.983575489576753
346,0.007475257949041903,0.00779111391871973,0.0,8.422825858075384E-4,0.983680774899979
347,0.007475257949041903,0.00779111391871973,0.0,7.369972625815961E-4,0.9837860602232049
348,0.007475257949041903,0.00779111391871973,0.0,6.317119393556538E-4,0.9838913455464309
349,0.007475257949041903,0.00779111391871973,0.0,6.317119393556538E-4,0.9838913455464309
350,0.007475257949041903,0.00779111391871973,0.0,6.317119393556538E-4,0.9838913455464309
351,0.007475257949041903,0.00779111391871973,0.0,6.317119393556538E-4,0.9838913455464309
352,0.007475257949041903,0.00779111391871973,0.0,6.317119393556538E-4,0.9838913455464309
353,0.007475257949041903,0.00779111391871973,0.0,6.317119393556538E-4,0.9838913455464309
354,0.007475257949041903,0.00779111391871973,0.0,6.317119393556538E-4,0.9838913455464309
355,0.007475257949041903,0.00779111391871973,0.0,6.317119393556538E-4,0.9838913455464309
356,0.007475257949041903,0.00779111391871973,0.0,6.317119393556538E-4,0.9838913455464309
357,0.007475257949041903,0.00779111391871973,0.0,5.264266161297116E-4,0.9839966308696567
358,0.007475257949041903,0.00779111391871973,0.0,5.264266161297116E-4,0.9839966308696567
359,0.007475257949041903,0.00779111391871973,0.0,5.264266161297116E-4,0.9839966308696567
360,0.007475257949041903,0.00779111391871973,0.0,5.264266161297116E-4,0.9839966308696567
361,0.007475257949041903,0.00779111391871973,0.0,5.264266161297116E-4,0.9839966308696567
362,0.007475257949041903,0.00779111391871973,0.0,5.264266161297116E-4,0.9839966308696567
363,0.007475257949041903,0.00779111391871973,0.0,4.211412929037692E-4,0.9841019161928827
364,0.007475257949041903,0.00779111391871973,0.0,4.211412929037692E-4,0.9841019161928827
365,0.007475257949041903,0.00779111391871973,0.0,4.211412929037692E-4,0.9841019161928827
366,0.007475257949041903,0.00779111391871973,0.0,4.211412929037692E-4,0.9841019161928827
367,0.007475257949041903,0.00779111391871973,0.0,4.211412929037692E-4,0.9841019161928827
368,0.007475257949041903,0.00779111391871973,0.0,4.211412929037692E-4,0.9841019161928827
369,0.007475257949041903,0.00779111391871973,0.0,4.211412929037692E-4,0.9841019161928827
370,0.007475257949041903,0.00779111391871973,0.0,4.211412929037692E-4,0.9841019161928827
371,0.007475257949041903,0.00779111391871973,0.0,4.211412929037692E-4,0.9841019161928827
372,0.007475257949041903,0.00779111391871973,0.0,4.211412929037692E-4,0.9841019161928827
373,0.007475257949041903,0.00779111391871973,0.0,4.211412929037692E-4,0.9841019161928827
374,0.007475257949041903,0.00779111391871973,0.0,4.211412929037692E-4,0.9841019161928827
375,0.007475257949041903,0.00779111391871973,0.0,4.211412929037692E-4,0.9841019161928827
376,0.007475257949041903,0.00779111391871973,0.0,4.211412929037692E-4,0.9841019161928827
377,0.007475257949041903,0.00779111391871973,0.0,4.211412929037692E-4,0.9841019161928827
378,0.007475257949041903,0.00779111391871973,0.0,4.211412929037692E-4,0.9841019161928827
379,0.007475257949041903,0.00779111391871973,0.0,4.211412929037692E-4,0.9841019161928827
380,0.007475257949041903,0.00779111391871973,0.0,4.211412929037692E-4,0.9841019161928827
381,0.007475257949041903,0.00779111391871973,0.0,4.211412929037692E-4,0.9841019161928827
382,0.007475257949041903,0.00779111391871973,0.0,3.158559696778269E-4,0.9842072015161086
383,0.007475257949041903,0.00779111391871973,0.0,3.158559696778269E-4,0.9842072015161086
384,0.007475257949041903,0.00779111391871973,0.0,3.158559696778269E-4,0.9842072015161086
385,0.007475257949041903,0.00779111391871973,0.0,3.158559696778269E-4,0.9842072015161086
386,0.007475257949041903,0.00779111391871973,0.0,2.105706464518846E-4,0.9843124868393346
387,0.007475257949041903,0.00779111391871973,0.0,2.105706464518846E-4,0.9843124868393346
388,0.007475257949041903,0.00779111391871973,0.0,1.052853232259423E-4,0.9844177721625605
389,0.007475257949041903,0.00779111391871973,0.0,1.052853232259423E-4,0.9844177721625605
390,0.007475257949041903,0.00779111391871973,0.0,1.052853232259423E-4,0.9844177721625605
391,0.007475257949041903,0.00779111391871973,0.0,1.052853232259423E-4,0.9844177721625605
392,0.007475257949041903,0.00779111391871973,0.0,1.052853232259423E-4,0.9844177721625605
393,0.007475257949041903,0.00779111391871973,0.0,1.052853232259423E-4,0.9844177721625605
394,0.007475257949041903,0.00779111391871973,0.0,1.052853232259423E-4,0.9844177721625605
395,0.007475257949041903,0.00779111391871973,0.0,1.052853232259423E-4,0.9844177721625605
396,0.007475257949041903,0.00779111391871973,0.0,1.052853232259423E-4,0.9844177721625605
397,0.007475257949041903,0.00779111391871973,0.0,1.052853232259423E-4,0.9844177721625605
398,0.007475257949041903,0.00779111391871973,0.0,1.052853232259423E-4,0.9844177721625605
399,0.007475257949041903,0.00779111391871973,0.0,1.052853232259423E-4,0.9844177721625605
400,0.007475257949041903,0.00779111391871973,0.0,1.052853232259423E-4,0.9844177721625605
401,0.007475257949041903,0.00779111391871973,0.0,1.052853232259423E-4,0.9844177721625605
402,0.007475257949041903,0.00779111391871973,0.0,1.052853232259423E-4,0.9844177721625605
403,0.007475257949041903,0.00779111391871973,0.0,1.052853232259423E-4,0.9844177721625605
404,0.007475257949041903,0.00779111391871973,0.0,1.052853232259423E-4,0.9844177721625605
405,0.007475257949041903,0.00779111391871973,0.0,1.052853232259423E-4,0.9844177721625605
406,0.007475257949041903,0.00779111391871973,0.0,1.052853232259423E-4,0.9844177721625605
407,0.007475257949041903,0.00779111391871973,0.0,1.052853232259423E-4,0.9844177721625605
408,0.007475257949041903,0.00779111391871973,0.0,1.052853232259423E-4,0.9844177721625605
409,0.007475257949041903,0.00779111391871973,0.0,1.052853232259423E-4,0.9844177721625605
410,0.007475257949041903,0.00779111391871973,0.0,1.052853232259423E-4,0.9844177721625605
411,0.007475257949041903,0.00779111391871973,0.0,1.052853232259423E-4,0.9844177721625605
412,0.007475257949041903,0.00779111391871973,0.0,1.052853232259423E-4,0.9844177721625605
413,0.007475257949041903,0.00779111391871973,0.0,1.052853232259423E-4,0.9844177721625605
414,0.007475257949041903,0.00779111391871973,0.0,1.052853232259423E-4,0.9844177721625605
415,0.007475257949041903,0.00779111391871973,0.0,0.0,0.9845230574857865
416,0.007475257949041903,0.00779111391871973,0.0,-1.052853232259423E-4,0.9846283428090125
417,0.007475257949041903,0.00779111391871973,0.0,-1.052853232259423E-4,0.9846283428090125
418,0.007475257949041903,0.00779111391871973,0.0,-1.052853232259423E-4,0.9846283428090125
419,0.007475257949041903,0.00779111391871973,0.0,-1.052853232259423E-4,0.9846283428090125
420,0.007475257949041903,0.00779111391871973,0.0,-1.052853232259423E-4,0.9846283428090125
421,0.007475257949041903,0.00779111391871973,0.0,-1.052853232259423E-4,0.9846283428090125
422,0.007475257949041903,0.00779111391871973,0.0,-1.052853232259423E-4,0.9846283428090125
423,0.007475257949041903,0.00779111391871973,0.0,-1.052853232259423E-4,0.9846283428090125
424,0.007475257949041903,0.00779111391871973,0.0,-1.052853232259423E-4,0.9846283428090125
425,0.007475257949041903,0.00779111391871973,0.0,-1.052853232259423E-4,0.9846283428090125
426,0.007475257949041903,0.00779111391871973,0.0,-1.052853232259423E-4,0.9846283428090125
427,0.007475257949041903,0.00779111391871973,0.0,-1.052853232259423E-4,0.9846283428090125
428,0.007475257949041903,0.00779111391871973,0.0,-1.052853232259423E-4,0.9846283428090125
429,0.007475257949041903,0.00779111391871973,0.0,-1.052853232259423E-4,0.9846283428090125
430,0.007475257949041903,0.00779111391871973,0.0,-1.052853232259423E-4,0.9846283428090125
431,0.007475257949041903,0.00779111391871973,0.0,-1.052853232259423E-4,0.9846283428090125
432,0.007475257949041903,0.00779111391871973,0.0,-1.052853232259423E-4,0.9846283428090125
433,0.007475257949041903,0.00779111391871973,0.0,-1.052853232259423E-4,0.9846283428090125
434,0.007475257949041903,0.00779111391871973,0.0,-1.052853232259423E-4,0.9846283428090125
435,0.007475257949041903,0.00779111391871973,0.0,-1.052853232259423E-4,0.9846283428090125
436,0.007475257949041903,0.00779111391871973,0.0,-1.052853232259423E-4,0.9846283428090125
437,0.007475257949041903,0.00779111391871973,0.0,-1.052853232259423E-4,0.9846283428090125
438,0.007475257949041903,0.00779111391871973,0.0,-1.052853232259423E-4,0.9846283428090125
439,0.007475257949041903,0.00779111391871973,0.0,-1.052853232259423E-4,0.9846283428090125
440,0.007475257949041903,0.00779111391871973,0.0,-1.052853232259423E-4,0.9846283428090125
441,0.007475257949041903,0.00779111391871973,0.0,-1.052853232259423E-4,0.9846283428090125
442,0.007475257949041903,0.00779111391871973,0.0,-1.052853232259423E-4,0.9846283428090125
443,0.007475257949041903,0.00779111391871973,0.0,-1.052853232259423E-4,0.9846283428090125
444,0.007475257949041903,0.00779111391871973,0.0,-1.052853232259423E-4,0.9846283428090125
445,0.007475257949041903,0.00779111391871973,0.0,-1.052853232259423E-4,0.9846283428090125
446,0.007475257949041903,0.00779111391871973,0.0,-1.052853232259423E-4,0.9846283428090125
447,0.007475257949041903,0.00779111391871973,0.0,-1.052853232259423E-4,0.9846283428090125
448,0.007475257949041903,0.00779111391871973,0.0,-1.052853232259423E-4,0.9846283428090125
449,0.007475257949041903,0.00779111391871973,0.0,-1.052853232259423E-4,0.9846283428090125
450,0.007475257949041903,0.00779111391871973,0.0,-1.052853232259423E-4,0.9846283428090125
451,0.007475257949041903,0.00779111391871973,0.0,-1.052853232259423E-4,0.9846283428090125
452,0.007475257949041903,0.00779111391871973,0.0,-1.052853232259423E-4,0.9846283428090125
453,0.007475257949041903,0.00779111391871973,0.0,-1.052853232259423E-4,0.9846283428090125
454,0.007475257949041903,0.00779111391871973,0.0,-1.052853232259423E-4,0.9846283428090125
455,0.007475257949041903,0.00779111391871973,0.0,-1.052853232259423E-4,0.9846283428090125
456,0.007475257949041903,0.00779111391871973,0.0,-1.052853232259423E-4,0.9846283428090125
457,0.007475257949041903,0.00779111391871973,0.0,-1.052853232259423E-4,0.9846283428090125
458,0.007475257949041903,0.00779111391871973,0.0,-1.052853232259423E-4,0.9846283428090125
459,0.007475257949041903,0.00779111391871973,0.0,-1.052853232259423E-4,0.9846283428090125
460,0.007475257949041903,0.00779111391871973,0.0,-1.052853232259423E-4,0.9846283428090125
461,0.007475257949041903,0.00779111391871973,0.0,-1.052853232259423E-4,0.9846283428090125
462,0.007475257949041903,0.00779111391871973,0.0,-1.052853232259423E-4,0.9846283428090125
463,0.007475257949041903,0.00779111391871973,0.0,-1.052853232259423E-4,0.9846283428090125
464,0.007475257949041903,0.00779111391871973,0.0,-1.052853232259423E-4,0.9846283428090125
465,0.007475257949041903,0.00779111391871973,0.0,-1.052853232259423E-4,0.9846283428090125
466,0.007475257949041903,0.00779111391871973,0.0,-1.052853232259423E-4,0.9846283428090125
467,0.007475257949041903,0.00779111391871973,0.0,-1.052853232259423E-4,0.9846283428090125
468,0.007475257949041903,0.00779111391871973,0.0,-1.052853232259423E-4,0.9846283428090125
469,0.007475257949041903,0.00779111391871973,0.0,-1.052853232259423E-4,0.9846283428090125
470,0.007475257949041903,0.00779111391871973,0.0,-1.052853232259423E-4,0.9846283428090125
471,0.007475257949041903,0.00779111391871973,0.0,-1.052853232259423E-4,0.9846283428090125
472,0.007475257949041903,0.00779111391871973,0.0,-1.052853232259423E-4,0.9846283428090125
473,0.007475257949041903,0.00779111391871973,0.0,-1.052853232259423E-4,0.9846283428090125
474,0.007475257949041903,0.00779111391871973,0.0,-1.052853232259423E-4,0.9846283428090125
475,0.007475257949041903,0.00779111391871973,0.0,-1.052853232259423E-4,0.9846283428090125
476,0.007475257949041903,0.00779111391871973,0.0,-1.052853232259423E-4,0.9846283428090125
477,0.007475257949041903,0.00779111391871973,0.0,-1.052853232259423E-4,0.9846283428090125
478,0.007475257949041903,0.00779111391871973,0.0,-1.052853232259423E-4,0.9846283428090125
479,0.007475257949041903,0.00779111391871973,0.0,-1.052853232259423E-4,0.9846283428090125
480,0.007475257949041903,0.00779111391871973,0.0,-1.052853232259423E-4,0.9846283428090125
481,0.007475257949041903,0.00779111391871973,0.0,-1.052853232259423E-4,0.9846283428090125
482,0.007475257949041903,0.00779111391871973,0.0,-1.052853232259423E-4,0.9846283428090125
483,0.007475257949041903,0.00779111391871973,0.0,-1.052853232259423E-4,0.9846283428090125
484,0.007475257949041903,0.00779111391871973,0.0,-1.052853232259423E-4,0.9846283428090125
485,0.007475257949041903,0.00779111391871973,0.0,-1.052853232259423E-4,0.9846283428090125
486,0.007475257949041903,0.00779111391871973,0.0,-1.052853232259423E-4,0.9846283428090125
487,0.007475257949041903,0.00779111391871973,0.0,-1.052853232259423E-4,0.9846283428090125
488,0.007475257949041903,0.00779111391871973,0.0,-1.052853232259423E-4,0.9846283428090125
489,0.007475257949041903,0.00779111391871973,0.0,-1.052853232259423E-4,0.9846283428090125
490,0.007475257949041903,0.00779111391871973,0.0,-1.052853232259423E-4,0.9846283428090125
491,0.007475257949041903,0.00779111391871973,0.0,-1.052853232259423E-4,0.9846283428090125
492,0.007475257949041903,0.00779111391871973,0.0,-1.052853232259423E-4,0.9846283428090125
493,0.007475257949041903,0.00779111391871973,0.0,-1.052853232259423E-4,0.9846283428090125
494,0.007475257949041903,0.00779111391871973,0.0,-1.052853232259423E-4,0.9846283428090125
495,0.007475257949041903,0.00779111391871973,0.0,-1.052853232259423E-4,0.9846283428090125
496,0.007475257949041903,0.00779111391871973,0.0,-1.052853232259423E-4,0.9846283428090125
497,0.007475257949041903,0.00779111391871973,0.0,-1.052853232259423E-4,0.9846283428090125
498,0.007475257949041903,0.00779111391871973,0.0,-1.052853232259423E-4,0.9846283428090125
499,0.007475257949041903,0.00779111391871973,0.0,-1.052853232259423E-4,0.9846283428090125
