0,0.695,0.3,0,0.005,0
1,0.5698041692987997,0.2730048431248684,0.12255211623499684,0.033796588755527476,6.317119393556538E-4
2,0.4474626237102548,0.2401558222783744,0.2404716782480522,0.06906717203621815,0.0026321330806485578
3,0.33575489576753,0.20067382606864603,0.34502000421141293,0.1122341545588545,0.006106548747104654
4,0.25636976205516954,0.1651926721415035,0.4150347441566646,0.15234786270793851,0.010844388292272057
5,0.2040429564118762,0.13729206148662876,0.45662244683091174,0.18593388081701412,0.015898083807117287
6,0.1669825226363445,0.11981469783112234,0.47946936197094125,0.21099178774478838,0.022531059170351652
7,0.14171404506211835,0.10233733417561591,0.4892608970309539,0.23647083596546642,0.030006317119393555
8,0.12276268688144873,0.09054537797431038,0.49589387239418825,0.25373762897452096,0.036849863129079806
9,0.10886502421562434,0.07980627500526427,0.4959991577174142,0.26921457148873446,0.045904400926510845
10,0.09791535060012634,0.07306801431880396,0.49094546220256896,0.2824805222152032,0.055380080016845655
11,0.09075594862076226,0.06801431880395872,0.4833649189303011,0.2936407664771531,0.06401347652137292
12,0.08338597599494631,0.061802484733628135,0.47546851968835546,0.3057485786481364,0.07338387028848178
13,0.07748999789429353,0.05695935986523479,0.467150979153506,0.3142766898294378,0.08391240261107602
14,0.07338387028848178,0.05253737628974521,0.45651716150768584,0.3222783743946094,0.0950726468730259
15,0.06980416929879975,0.05022109917877448,0.4472520530638029,0.32585807538429146,0.10665403242787955
16,0.0664350389555696,0.048220678037481576,0.43840808591282376,0.330280058959781,0.11644556748789218
17,0.06390819119814697,0.0457991156032849,0.4268267003579701,0.33617603706043375,0.12707938513371236
18,0.06001263423878711,0.04369340913876606,0.4164034533586018,0.34259844177721627,0.13708149084017687
19,0.057591071804590444,0.04085070541166561,0.40629606232891136,0.34733628132238364,0.14771530848599707
20,0.05516950937039377,0.03842914297746894,0.39618867129922086,0.35249526216045485,0.1575068435460097
21,0.05369551484523057,0.03674457780585386,0.3855548536534007,0.35428511265529583,0.16950937039376712
22,0.05137923773425984,0.034954727311012845,0.37513160665403245,0.357654242998526,0.180669614655717
23,0.04937881659296694,0.03369130343230154,0.36502421562434195,0.3601810907559486,0.19151400294798904
24,0.04685196883554432,0.0321120235839124,0.35849652558433354,0.35997052010949676,0.20235839124026112
25,0.0457991156032849,0.030427458412297326,0.348494419877869,0.36207622657401556,0.21299220888608128
26,0.04421983575489577,0.029585175826489788,0.33838702884817856,0.3638660770688566,0.2237313118551274
27,0.043272267845862286,0.028637607917456308,0.32985891766687725,0.36576121288692354,0.2322594230364287
28,0.04221941461360287,0.027795325331648767,0.31901452937460517,0.3673404927353127,0.2434196672983786
29,0.04064013476521373,0.026216045483259634,0.3110128448094336,0.3658664982101495,0.25605390608549167
30,0.03969256685618025,0.024952621604548326,0.3009054537797431,0.366814066119183,0.26742472099389347
31,0.03842914297746894,0.02421562434196673,0.29353548115392714,0.3635502210991788,0.28005895978100653
32,0.037586860391661404,0.023899768372288903,0.28732364708359653,0.3601810907559486,0.29079806275005265
33,0.03653400715940198,0.02337334175615919,0.2785849652558433,0.3615497999578859,0.29974731522425774
34,0.035691724573594444,0.022636344493577595,0.27110970730680145,0.361339229311434,0.30901242366814063
35,0.03506001263423879,0.022531059170351652,0.2631080227416298,0.35807538429142977,0.32101495051589807
36,0.03400715940197936,0.022004632554221942,0.25594862076226577,0.3566013897662666,0.33122762686881446
37,0.03316487681617183,0.02147820593809223,0.24878921878290167,0.3567066750894925,0.3396504527268899
38,0.03242787955359023,0.021057064645188462,0.24205095809644137,0.3553379658875553,0.34891556117077277
39,0.03137502632133081,0.02053063802905875,0.23604969467256265,0.3510212676352916,0.3608128026953043
40,0.030743314381975154,0.02021478205938092,0.23036428721836177,0.3491261318172247,0.3693409138766056
41,0.030006317119393555,0.02000421141292904,0.2237313118551274,0.34596757212044643,0.38008001684565174
42,0.029795746472941673,0.019477784796799326,0.21741419246157084,0.3399663086965677,0.39313539692566857
43,0.029164034533586018,0.019372499473573383,0.2110970730680143,0.33807117287850075,0.40208464939987365
44,0.028532322594230365,0.01926721415034744,0.2058328069067172,0.33354390397978523,0.4126131817224679
45,0.027479469361970942,0.019161928827121498,0.20120025268477573,0.33017477363655506,0.42177300484312485
46,0.02705832806906717,0.018951358180669616,0.19530427458412297,0.32585807538429146,0.43261739313539693
47,0.02642661612971152,0.01874078753421773,0.18982943777637398,0.32291008633396506,0.44188250157927983
48,0.02611076016003369,0.01831964624131396,0.18309117708991365,0.3218572331017056,0.4504106127605812
49,0.02568961886712992,0.017898504948410193,0.1784586228679722,0.3180669614655717,0.4596757212044641
50,0.025268477574226154,0.017582648978732365,0.17508949252474204,0.31448726047588965,0.46736154979995786
51,0.024952621604548326,0.017266793009054537,0.16993051168667087,0.3098547062539482,0.4777847967993262
52,0.02337334175615919,0.017056222362602652,0.1669825226363445,0.30459044009265107,0.4877869025057907
53,0.022320488523899767,0.016213939776795114,0.16234996841440302,0.30395872815329544,0.49494630448515475
54,0.022215203200673828,0.01558222783743946,0.15845441145504316,0.3016424510423247,0.501895135818067
55,0.021688776584544114,0.015371657190987577,0.15371657190987575,0.30006317119393555,0.5089492524742051
56,0.020741208675510634,0.014950515898083806,0.15097915350600127,0.29732575279006107,0.5157927984838914
57,0.020320067382606864,0.01463465992840598,0.14803116445567488,0.29258791324489364,0.5242156243419668
58,0.019898926089703096,0.014424089281954095,0.14329332491050747,0.29016635081069697,0.5320067382606865
59,0.01968835544325121,0.014213518635502211,0.13866077068856603,0.28753421773004845,0.5396925668561803
60,0.01958307012002527,0.014108233312276269,0.13476521372920616,0.28427037271004424,0.5470625394819962
61,0.019477784796799326,0.013897662665824383,0.131396083385976,0.28037481575068435,0.5546430827542641
62,0.019477784796799326,0.013476521372920615,0.12655295851758264,0.2777426826700358,0.5625394819962097
63,0.019161928827121498,0.013476521372920615,0.12413139608338597,0.27216256053906085,0.5708570225310592
64,0.018846072857443674,0.013476521372920615,0.12139397767951147,0.26816171825647506,0.5779111391871973
65,0.018424931564539903,0.013371236049694672,0.11886712992208887,0.2647925879132449,0.5843335439039797
66,0.018424931564539903,0.013371236049694672,0.11528742893240682,0.26121288692356287,0.5914929458833439
67,0.018214360918088018,0.013371236049694672,0.11139187197304695,0.25921246578227,0.5975994946304485
68,0.017898504948410193,0.013265950726468731,0.10770688566013897,0.2543693409138766,0.6065487471046536
69,0.017687934301958308,0.013265950726468731,0.10539060854916825,0.25015792798483893,0.6132870077911139
70,0.017687934301958308,0.013160665403242788,0.10275847546851968,0.24573594440934934,0.620446409770478
71,0.017582648978732365,0.012950094756790903,0.09970520109496736,0.24320909665192672,0.6263423878711307
72,0.017582648978732365,0.01284480943356496,0.0972836386607707,0.23847125710675932,0.6336070751737208
73,0.017582648978732365,0.01273952411033902,0.09454622025689619,0.2352074120867551,0.6397136239208254
74,0.017477363655506423,0.01273952411033902,0.09128237523689198,0.23257527900610656,0.6457148873447042
75,0.01737207833228048,0.01273952411033902,0.08791324489366183,0.23036428721836177,0.651400294798905
76,0.01737207833228048,0.01273952411033902,0.08549168245946515,0.2269951568751316,0.6571909875763319
77,0.017161507685828595,0.012528953463887134,0.0828595493788166,0.22436302379448306,0.6628763950305328
78,0.017056222362602652,0.012528953463887134,0.08085912823752368,0.21983575489576754,0.6695093703937671
79,0.016635081069698885,0.012528953463887134,0.07959570435881239,0.2175194777847968,0.6735102126763529
80,0.016529795746472942,0.012528953463887134,0.07801642451042325,0.2122552116234997,0.6804590440092652
81,0.016529795746472942,0.012528953463887134,0.07591071804590441,0.20909665192672142,0.6857233101705622
82,0.016319225100021057,0.012423668140661192,0.07359444093493367,0.20646451884607286,0.6909875763318594
83,0.016213939776795114,0.012318382817435249,0.07096230785428512,0.20246367656348704,0.6978311223415455
84,0.016213939776795114,0.012213097494209308,0.06875131606654032,0.19972625815961256,0.7028848178563908
85,0.016108654453569172,0.012107812170983365,0.06675089492524743,0.19593598652347863,0.7088860812802695
86,0.015687513160665405,0.012107812170983365,0.06559275636976206,0.193409138766056,0.7129922088860813
87,0.01547694251421352,0.012107812170983365,0.0634870499052432,0.1901452937460518,0.7185723310170562
88,0.015161086544535692,0.012107812170983365,0.0622236260265319,0.1881448726047589,0.7221520320067383
89,0.015055801221309749,0.012107812170983365,0.06043377553169088,0.18530216887765846,0.7268898715519057
90,0.014950515898083806,0.012107812170983365,0.05801221309749421,0.18298589176668772,0.731732996420299
91,0.01463465992840598,0.012002526847757423,0.05706464518846073,0.17930090545377975,0.7367866919351442
92,0.01463465992840598,0.01189724152453148,0.05506422404716783,0.1766687723731312,0.7415245314803116
93,0.01463465992840598,0.01189724152453148,0.0540113708149084,0.17329964202990103,0.7459465150558012
94,0.01463465992840598,0.01189724152453148,0.05253737628974521,0.1707727942724784,0.749947357338387
95,0.01463465992840598,0.01189724152453148,0.05053695514845231,0.16866708780795958,0.7540534849441988
96,0.014424089281954095,0.01189724152453148,0.049273531269740996,0.16445567487892188,0.7597388923983996
97,0.013371236049694672,0.011686670878079595,0.04885238997683723,0.1622446830911771,0.7636344493577595
98,0.012634238787113077,0.011476100231627711,0.04843124868393346,0.15940197936407666,0.7678458622867972
99,0.012318382817435249,0.011265529585175826,0.04769425142135186,0.15698041692987996,0.7715308485997052
100,0.011686670878079595,0.010844388292272057,0.04716782480522215,0.15508528111181302,0.7750052642661613
101,0.011370814908401769,0.010844388292272057,0.04569383028005896,0.15340071594019794,0.7784796799326174
102,0.010633817645820172,0.010633817645820172,0.04516740366392925,0.1498210149505159,0.7835333754474626
103,0.010528532322594231,0.010528532322594231,0.0445356917245736,0.14676774057696357,0.7874289324068224
104,0.010317961676142346,0.010423246999368288,0.043166982522636344,0.14476731943567067,0.7911139187197305
105,0.010212676352916403,0.010423246999368288,0.041798273320699096,0.1428721836176037,0.7944830490629606
106,0.010212676352916403,0.010212676352916403,0.04064013476521373,0.1408717624763108,0.7978521794061908
107,0.01010739102969046,0.01010739102969046,0.03969256685618025,0.13897662665824384,0.8009054537797431
108,0.009686249736786692,0.009791535060012634,0.03916614024005054,0.13750263213308064,0.8036428721836176
109,0.009580964413560749,0.009686249736786692,0.03842914297746894,0.13529164034533586,0.8068014318803959
110,0.009580964413560749,0.009580964413560749,0.03663929248262792,0.1326595072646873,0.8113287007791113
111,0.009475679090334808,0.009475679090334808,0.035691724573594444,0.1301326595072647,0.8150136870920194
112,0.009370393767108865,0.009370393767108865,0.034954727311012845,0.12802695304274583,0.8180669614655717
113,0.009370393767108865,0.009370393767108865,0.03390187407875342,0.125921246578227,0.8212255211623499
114,0.009370393767108865,0.009370393767108865,0.03242787955359023,0.12402611076016003,0.8245946515055801
115,0.00915982312065698,0.009370393767108865,0.031901452937460516,0.12181511897241525,0.8275426405559065
116,0.009054537797431038,0.009265108443882923,0.030743314381975154,0.11886712992208887,0.8318593388081701
117,0.009054537797431038,0.009265108443882923,0.029585175826489788,0.11707727942724784,0.8348073278584965
118,0.009054537797431038,0.009265108443882923,0.028427037271004423,0.11528742893240682,0.8377553169088229
119,0.009054537797431038,0.009265108443882923,0.027268898715519057,0.1142345757001474,0.8399663086965677
120,0.009054537797431038,0.009265108443882923,0.026531901452937462,0.11181301326595072,0.843124868393346
121,0.009054537797431038,0.009265108443882923,0.025900189513581806,0.11012844809433565,0.8454411455043167
122,0.009054537797431038,0.00915982312065698,0.024847336281322383,0.10844388292272057,0.8482838492314171
123,0.009054537797431038,0.00915982312065698,0.024005053695514846,0.10623289113497579,0.8513371236049695
124,0.008949252474205097,0.009054537797431038,0.02284691514002948,0.10465361128658665,0.8542851126552958
125,0.008949252474205097,0.008843967150979154,0.022531059170351652,0.10296904611497157,0.8564961044430407
126,0.008949252474205097,0.008843967150979154,0.022004632554221942,0.10033691303432302,0.859654664139819
127,0.008843967150979154,0.008738681827753211,0.021162349968414405,0.09802063592335228,0.8630237944830491
128,0.008738681827753211,0.008738681827753211,0.021162349968414405,0.09517793219625184,0.8659717835333754
129,0.008633396504527269,0.008633396504527269,0.020846493998736577,0.09338808170141083,0.8682880606443462
130,0.008633396504527269,0.008633396504527269,0.02021478205938092,0.09117708991366603,0.8711307643714467
131,0.008633396504527269,0.008633396504527269,0.01958307012002527,0.08928195409559907,0.8736576121288693
132,0.008633396504527269,0.008633396504527269,0.018635502210991788,0.08865024215624343,0.8752368919772584
133,0.008633396504527269,0.008633396504527269,0.018424931564539903,0.08664982101495051,0.8774478837650032
134,0.008633396504527269,0.008528111181301326,0.018003790271636132,0.08496525584333543,0.8796588755527479
135,0.008528111181301326,0.008528111181301326,0.017266793009054537,0.08349126131817225,0.8819751526637187
136,0.008528111181301326,0.008528111181301326,0.01695093703937671,0.08117498420720151,0.8846072857443672
137,0.008528111181301326,0.008528111181301326,0.016424510423247,0.0793851337123605,0.886923562855338
138,0.008528111181301326,0.008528111181301326,0.015687513160665405,0.07843756580332702,0.888608128026953
139,0.008422825858075385,0.008422825858075385,0.015266371867761634,0.07759528321751948,0.8900821225521163
140,0.008317540534849443,0.008422825858075385,0.015161086544535692,0.07527900610654875,0.8926089703095389
141,0.008317540534849443,0.008422825858075385,0.014845230574857865,0.07233101705622236,0.8958728153295431
142,0.008317540534849443,0.008422825858075385,0.014213518635502211,0.07075173720783323,0.8980838071172879
143,0.008317540534849443,0.008422825858075385,0.014108233312276269,0.06896188671299221,0.8999789429353549
144,0.008317540534849443,0.008317540534849443,0.0136870920193725,0.06854074542008844,0.9009265108443882
145,0.008317540534849443,0.008317540534849443,0.013265950726468731,0.06685618024847337,0.9030322173089071
146,0.008317540534849443,0.008317540534849443,0.01273952411033902,0.06559275636976206,0.9048220678037482
147,0.008317540534849443,0.008317540534849443,0.012528953463887134,0.06401347652137292,0.9066119182985892
148,0.008317540534849443,0.008317540534849443,0.012213097494209308,0.06306590861233943,0.9078753421773005
149,0.008317540534849443,0.008317540534849443,0.012002526847757423,0.06159191408717625,0.9095599073489156
150,0.008317540534849443,0.008317540534849443,0.011370814908401769,0.060960202147820594,0.9108233312276268
151,0.008317540534849443,0.0082122552116235,0.010739102969046115,0.06001263423878711,0.9125078963992419
152,0.0082122552116235,0.0082122552116235,0.010528532322594231,0.05843335439039798,0.9144030322173089
153,0.0082122552116235,0.0082122552116235,0.010212676352916403,0.057275215834912616,0.9158770267424721
154,0.0082122552116235,0.0082122552116235,0.009580964413560749,0.05622236260265319,0.9175615919140871
155,0.0082122552116235,0.0082122552116235,0.009580964413560749,0.05516950937039377,0.9186144451463466
156,0.0082122552116235,0.0082122552116235,0.009054537797431038,0.05432722678458623,0.9199831543482838
157,0.008001684565171615,0.0082122552116235,0.008949252474205097,0.0532743735523268,0.9213518635502211
158,0.008001684565171615,0.0082122552116235,0.008843967150979154,0.052747946936197096,0.9219835754895768
159,0.008001684565171615,0.0082122552116235,0.008422825858075385,0.052326805643293325,0.9228258580753843
160,0.008001684565171615,0.0082122552116235,0.0082122552116235,0.0512739524110339,0.9240892819540956
161,0.008001684565171615,0.0082122552116235,0.00779111391871973,0.05053695514845231,0.925247420509581
162,0.008001684565171615,0.008106969888397557,0.007685828595493788,0.05011581385554854,0.9258791324489366
163,0.008001684565171615,0.008106969888397557,0.007685828595493788,0.04832596336070752,0.9276689829437776
164,0.008001684565171615,0.008106969888397557,0.007475257949041903,0.04685196883554432,0.9293535481153927
165,0.008001684565171615,0.008106969888397557,0.007369972625815961,0.04569383028005896,0.930616971994104
166,0.008001684565171615,0.008106969888397557,0.007369972625815961,0.044746262371025476,0.9315645399031375
167,0.008001684565171615,0.008106969888397557,0.00684354600968625,0.043798694461992,0.9330385344283006
168,0.008001684565171615,0.008106969888397557,0.0066329753632343655,0.043272267845862286,0.9337755316908823
169,0.008001684565171615,0.008106969888397557,0.00642240471678248,0.041798273320699096,0.9354600968624973
170,0.008001684565171615,0.008106969888397557,0.006001263423878711,0.04085070541166561,0.9368288060644346
171,0.008001684565171615,0.008106969888397557,0.005790692777426827,0.039481996209728365,0.9384080859128238
172,0.008001684565171615,0.008106969888397557,0.005474836807749,0.03853442830069488,0.939671509791535
173,0.008001684565171615,0.008106969888397557,0.005369551484523057,0.03769214571488735,0.9406190777005685
174,0.008001684565171615,0.008106969888397557,0.005158980838071173,0.03706043377553169,0.9414613602863761
175,0.008001684565171615,0.008106969888397557,0.005158980838071173,0.03590229522004632,0.9426194988418615
176,0.008001684565171615,0.008106969888397557,0.00505369551484523,0.034954727311012845,0.9436723520741208
177,0.008001684565171615,0.008106969888397557,0.004843124868393346,0.03463887134133502,0.9441987786902506
178,0.008001684565171615,0.008106969888397557,0.004737839545167404,0.034112444725205304,0.9448304906296062
179,0.008001684565171615,0.008106969888397557,0.004527268898715519,0.03390187407875342,0.94525163192251
180,0.008001684565171615,0.008106969888397557,0.004316698252263634,0.033059591492945885,0.9463044851547694
181,0.008001684565171615,0.008106969888397557,0.004316698252263634,0.0321120235839124,0.9472520530638029
182,0.008001684565171615,0.008106969888397557,0.00410612760581175,0.03126974099810487,0.9483049062960623
183,0.008001684565171615,0.008001684565171615,0.003895556959359865,0.03137502632133081,0.9485154769425143
184,0.008001684565171615,0.008001684565171615,0.003895556959359865,0.03063802905874921,0.9492524742050958
185,0.008001684565171615,0.008001684565171615,0.003474415666456096,0.03021688776584544,0.9500947567909034
186,0.008001684565171615,0.008001684565171615,0.003474415666456096,0.029901031796167613,0.9504106127605811
187,0.008001684565171615,0.008001684565171615,0.0033691303432301536,0.029164034533586018,0.9512528953463887
188,0.008001684565171615,0.008001684565171615,0.0032638450200042114,0.028427037271004423,0.9520951779321962
189,0.008001684565171615,0.008001684565171615,0.003053274373552327,0.028111181301326595,0.952621604548326
190,0.008001684565171615,0.008001684565171615,0.002842703727100442,0.027690040008422828,0.9532533164876816
191,0.008001684565171615,0.008001684565171615,0.002842703727100442,0.027268898715519057,0.9536744577805853
192,0.008001684565171615,0.008001684565171615,0.0026321330806485578,0.026531901452937462,0.9546220256896188
193,0.008001684565171615,0.008001684565171615,0.0026321330806485578,0.025373762897452096,0.9557801642451043
194,0.008001684565171615,0.007896399241945672,0.002421562434196673,0.025373762897452096,0.956096020214782
195,0.008001684565171615,0.007896399241945672,0.002421562434196673,0.02505790692777427,0.9564118761844599
196,0.008001684565171615,0.007896399241945672,0.0022109917877447885,0.024952621604548326,0.9567277321541378
197,0.008001684565171615,0.00779111391871973,0.0021057064645188463,0.024426194988418616,0.9574647294167193
198,0.008001684565171615,0.00779111391871973,0.0020004211412929036,0.024110339018740788,0.957885870709623
199,0.008001684565171615,0.00779111391871973,0.0018951358180669614,0.02337334175615919,0.9587281532954306
200,0.008001684565171615,0.00779111391871973,0.0016845651716150768,0.022952200463255423,0.9593598652347862
201,0.008001684565171615,0.00779111391871973,0.0016845651716150768,0.022004632554221942,0.9603074331438197
202,0.008001684565171615,0.00779111391871973,0.0016845651716150768,0.021267635291640344,0.9610444304064013
203,0.008001684565171615,0.00779111391871973,0.0016845651716150768,0.02095177932196252,0.9613602863760792
204,0.008001684565171615,0.00779111391871973,0.0016845651716150768,0.020425352705832806,0.9618867129922088
205,0.008001684565171615,0.00779111391871973,0.00136870920193725,0.020320067382606864,0.9623078542851127
206,0.008001684565171615,0.00779111391871973,0.0010528532322594231,0.02000421141292904,0.9629395662244683
207,0.008001684565171615,0.00779111391871973,0.0010528532322594231,0.019793640766477154,0.9631501368709202
208,0.008001684565171615,0.00779111391871973,0.0010528532322594231,0.019372499473573383,0.9635712781638239
209,0.008001684565171615,0.00779111391871973,0.0010528532322594231,0.01874078753421773,0.9642029901031797
210,0.008001684565171615,0.00779111391871973,0.0010528532322594231,0.01831964624131396,0.9646241313960834
211,0.008001684565171615,0.00779111391871973,9.475679090334807E-4,0.018109075594862075,0.9649399873657613
212,0.008001684565171615,0.00779111391871973,9.475679090334807E-4,0.017898504948410193,0.9651505580122131
213,0.008001684565171615,0.00779111391871973,9.475679090334807E-4,0.017687934301958308,0.965361128658665
214,0.008001684565171615,0.00779111391871973,9.475679090334807E-4,0.01695093703937671,0.9660981259212466
215,0.008001684565171615,0.00779111391871973,9.475679090334807E-4,0.016424510423247,0.9666245525373763
216,0.008001684565171615,0.00779111391871973,9.475679090334807E-4,0.016319225100021057,0.9667298378606022
217,0.008001684565171615,0.00779111391871973,8.422825858075384E-4,0.016108654453569172,0.96704569383028
218,0.008001684565171615,0.00779111391871973,8.422825858075384E-4,0.015898083807117287,0.967256264476732
219,0.008001684565171615,0.00779111391871973,8.422825858075384E-4,0.015371657190987577,0.9677826910928616
220,0.008001684565171615,0.00779111391871973,6.317119393556538E-4,0.015161086544535692,0.9682038323857655
221,0.008001684565171615,0.00779111391871973,6.317119393556538E-4,0.014950515898083806,0.9684144030322173
222,0.008001684565171615,0.00779111391871973,6.317119393556538E-4,0.014529374605180037,0.9688355443251211
223,0.008001684565171615,0.00779111391871973,6.317119393556538E-4,0.014213518635502211,0.969151400294799
224,0.008001684565171615,0.00779111391871973,6.317119393556538E-4,0.013897662665824383,0.9694672562644767
225,0.008001684565171615,0.00779111391871973,5.264266161297116E-4,0.0136870920193725,0.9697831122341546
226,0.008001684565171615,0.00779111391871973,5.264266161297116E-4,0.01284480943356496,0.9706253948199621
227,0.008001684565171615,0.00779111391871973,5.264266161297116E-4,0.01284480943356496,0.9706253948199621
228,0.008001684565171615,0.00779111391871973,5.264266161297116E-4,0.012318382817435249,0.9711518214360918
229,0.008001684565171615,0.00779111391871973,5.264266161297116E-4,0.01189724152453148,0.9715729627289956
230,0.008001684565171615,0.00779111391871973,5.264266161297116E-4,0.011054958938723942,0.9724152453148032
231,0.008001684565171615,0.00779111391871973,5.264266161297116E-4,0.010633817645820172,0.9728363866077069
232,0.008001684565171615,0.00779111391871973,5.264266161297116E-4,0.010633817645820172,0.9728363866077069
233,0.008001684565171615,0.00779111391871973,5.264266161297116E-4,0.010423246999368288,0.9730469572541588
234,0.008001684565171615,0.00779111391871973,3.158559696778269E-4,0.010423246999368288,0.9732575279006107
235,0.008001684565171615,0.00779111391871973,3.158559696778269E-4,0.010212676352916403,0.9734680985470625
236,0.008001684565171615,0.00779111391871973,3.158559696778269E-4,0.01000210570646452,0.9736786691935144
237,0.008001684565171615,0.00779111391871973,3.158559696778269E-4,0.009791535060012634,0.9738892398399663
238,0.008001684565171615,0.00779111391871973,3.158559696778269E-4,0.009791535060012634,0.9738892398399663
239,0.008001684565171615,0.00779111391871973,2.105706464518846E-4,0.009896820383238577,0.9738892398399663
240,0.008001684565171615,0.00779111391871973,2.105706464518846E-4,0.009580964413560749,0.9742050958096441
241,0.008001684565171615,0.00779111391871973,2.105706464518846E-4,0.009370393767108865,0.974415666456096
242,0.008001684565171615,0.00779111391871973,2.105706464518846E-4,0.00915982312065698,0.9746262371025479
243,0.008001684565171615,0.00779111391871973,2.105706464518846E-4,0.008738681827753211,0.9750473783954516
244,0.008001684565171615,0.00779111391871973,2.105706464518846E-4,0.008633396504527269,0.9751526637186776
245,0.008001684565171615,0.00779111391871973,2.105706464518846E-4,0.008422825858075385,0.9753632343651295
246,0.008001684565171615,0.00779111391871973,2.105706464518846E-4,0.008317540534849443,0.9754685196883555
247,0.008001684565171615,0.00779111391871973,1.052853232259423E-4,0.008001684565171615,0.9758896609812592
248,0.008001684565171615,0.00779111391871973,1.052853232259423E-4,0.00779111391871973,0.9761002316277111
249,0.008001684565171615,0.00779111391871973,1.052853232259423E-4,0.007369972625815961,0.9765213729206149
250,0.008001684565171615,0.00779111391871973,1.052853232259423E-4,0.00684354600968625,0.9770477995367446
251,0.008001684565171615,0.00779111391871973,1.052853232259423E-4,0.0066329753632343655,0.9772583701831965
252,0.008001684565171615,0.00779111391871973,1.052853232259423E-4,0.006106548747104654,0.9777847967993262
253,0.008001684565171615,0.00779111391871973,1.052853232259423E-4,0.006106548747104654,0.9777847967993262
254,0.008001684565171615,0.00779111391871973,1.052853232259423E-4,0.005685407454200884,0.97820593809223
255,0.008001684565171615,0.00779111391871973,1.052853232259423E-4,0.005580122130974942,0.9783112234154558
256,0.008001684565171615,0.00779111391871973,0.0,0.0052642661612971155,0.9787323647083597
257,0.008001684565171615,0.00779111391871973,0.0,0.00505369551484523,0.9789429353548116
258,0.008001684565171615,0.00779111391871973,0.0,0.00505369551484523,0.9789429353548116
259,0.008001684565171615,0.00779111391871973,0.0,0.0049484101916192885,0.9790482206780374
260,0.008001684565171615,0.00779111391871973,0.0,0.0049484101916192885,0.9790482206780374
261,0.008001684565171615,0.00779111391871973,0.0,0.004737839545167404,0.9792587913244893
262,0.008001684565171615,0.00779111391871973,0.0,0.004737839545167404,0.9792587913244893
263,0.008001684565171615,0.00779111391871973,0.0,0.004527268898715519,0.9794693619709413
264,0.008001684565171615,0.00779111391871973,0.0,0.004527268898715519,0.9794693619709413
265,0.008001684565171615,0.00779111391871973,0.0,0.004527268898715519,0.9794693619709413
266,0.008001684565171615,0.00779111391871973,0.0,0.004527268898715519,0.9794693619709413
267,0.008001684565171615,0.00779111391871973,0.0,0.004527268898715519,0.9794693619709413
268,0.008001684565171615,0.00779111391871973,0.0,0.004527268898715519,0.9794693619709413
269,0.008001684565171615,0.00779111391871973,0.0,0.004421983575489577,0.9795746472941672
270,0.008001684565171615,0.00779111391871973,0.0,0.004000842282585807,0.9799957885870709
271,0.008001684565171615,0.00779111391871973,0.0,0.003895556959359865,0.9801010739102969
272,0.008001684565171615,0.00779111391871973,0.0,0.003790271636133923,0.9802063592335228
273,0.008001684565171615,0.00779111391871973,0.0,0.0035797009896820385,0.9804169298799748
274,0.008001684565171615,0.00779111391871973,0.0,0.0035797009896820385,0.9804169298799748
275,0.008001684565171615,0.00779111391871973,0.0,0.0035797009896820385,0.9804169298799748
276,0.008001684565171615,0.00779111391871973,0.0,0.003053274373552327,0.9809433564961044
277,0.008001684565171615,0.00779111391871973,0.0,0.003053274373552327,0.9809433564961044
278,0.008001684565171615,0.00779111391871973,0.0,0.003053274373552327,0.9809433564961044
279,0.008001684565171615,0.00779111391871973,0.0,0.0029479890503263844,0.9810486418193304
280,0.008001684565171615,0.00779111391871973,0.0,0.002842703727100442,0.9811539271425563
281,0.008001684565171615,0.00779111391871973,0.0,0.002842703727100442,0.9811539271425563
282,0.008001684565171615,0.00779111391871973,0.0,0.002842703727100442,0.9811539271425563
283,0.008001684565171615,0.00779111391871973,0.0,0.0027374184038745,0.9812592124657823
284,0.008001684565171615,0.00779111391871973,0.0,0.0027374184038745,0.9812592124657823
285,0.008001684565171615,0.00779111391871973,0.0,0.0027374184038745,0.9812592124657823
286,0.008001684565171615,0.00779111391871973,0.0,0.002526847757422615,0.9814697831122342
287,0.008001684565171615,0.00779111391871973,0.0,0.002526847757422615,0.9814697831122342
288,0.008001684565171615,0.00779111391871973,0.0,0.0023162771109707307,0.981680353758686
289,0.008001684565171615,0.00779111391871973,0.0,0.0023162771109707307,0.981680353758686
290,0.008001684565171615,0.00779111391871973,0.0,0.0023162771109707307,0.981680353758686
291,0.008001684565171615,0.00779111391871973,0.0,0.0022109917877447885,0.981785639081912
292,0.008001684565171615,0.00779111391871973,0.0,0.0022109917877447885,0.981785639081912
293,0.008001684565171615,0.00779111391871973,0.0,0.0021057064645188463,0.9818909244051379
294,0.008001684565171615,0.00779111391871973,0.0,0.0018951358180669614,0.9821014950515898
295,0.008001684565171615,0.00779111391871973,0.0,0.0018951358180669614,0.9821014950515898
296,0.008001684565171615,0.00779111391871973,0.0,0.0018951358180669614,0.9821014950515898
297,0.008001684565171615,0.00779111391871973,0.0,0.0018951358180669614,0.9821014950515898
298,0.008001684565171615,0.00779111391871973,0.0,0.0018951358180669614,0.9821014950515898
299,0.008001684565171615,0.00779111391871973,0.0,0.0018951358180669614,0.9821014950515898
300,0.008001684565171615,0.00779111391871973,0.0,0.0017898504948410192,0.9822067803748158
301,0.008001684565171615,0.00779111391871973,0.0,0.0017898504948410192,0.9822067803748158
302,0.008001684565171615,0.00779111391871973,0.0,0.0016845651716150768,0.9823120656980417
303,0.008001684565171615,0.00779111391871973,0.0,0.0016845651716150768,0.9823120656980417
304,0.008001684565171615,0.00779111391871973,0.0,0.0015792798483891346,0.9824173510212676
305,0.008001684565171615,0.00779111391871973,0.0,0.0014739945251631922,0.9825226363444935
306,0.008001684565171615,0.00779111391871973,0.0,0.00136870920193725,0.9826279216677195
307,0.008001684565171615,0.00779111391871973,0.0,0.00136870920193725,0.9826279216677195
308,0.008001684565171615,0.00779111391871973,0.0,0.00136870920193725,0.9826279216677195
309,0.008001684565171615,0.00779111391871973,0.0,0.00136870920193725,0.9826279216677195
310,0.008001684565171615,0.00779111391871973,0.0,0.00136870920193725,0.9826279216677195
311,0.008001684565171615,0.00779111391871973,0.0,0.00136870920193725,0.9826279216677195
312,0.008001684565171615,0.00779111391871973,0.0,0.0012634238787113076,0.9827332069909455
313,0.008001684565171615,0.00779111391871973,0.0,0.0012634238787113076,0.9827332069909455
314,0.008001684565171615,0.00779111391871973,0.0,0.0011581385554853654,0.9828384923141714
315,0.008001684565171615,0.00779111391871973,0.0,0.0011581385554853654,0.9828384923141714
316,0.008001684565171615,0.00779111391871973,0.0,0.0011581385554853654,0.9828384923141714
317,0.008001684565171615,0.00779111391871973,0.0,0.0011581385554853654,0.9828384923141714
318,0.008001684565171615,0.00779111391871973,0.0,0.0010528532322594231,0.9829437776373974
319,0.008001684565171615,0.00779111391871973,0.0,0.0010528532322594231,0.9829437776373974
320,0.008001684565171615,0.00779111391871973,0.0,0.0010528532322594231,0.9829437776373974
321,0.008001684565171615,0.00779111391871973,0.0,9.475679090334807E-4,0.9830490629606233
322,0.008001684565171615,0.00779111391871973,0.0,9.475679090334807E-4,0.9830490629606233
323,0.008001684565171615,0.00779111391871973,0.0,9.475679090334807E-4,0.9830490629606233
324,0.008001684565171615,0.00779111391871973,0.0,8.422825858075384E-4,0.9831543482838492
325,0.008001684565171615,0.00779111391871973,0.0,8.422825858075384E-4,0.9831543482838492
326,0.008001684565171615,0.00779111391871973,0.0,8.422825858075384E-4,0.9831543482838492
327,0.008001684565171615,0.00779111391871973,0.0,8.422825858075384E-4,0.9831543482838492
328,0.008001684565171615,0.00779111391871973,0.0,8.422825858075384E-4,0.9831543482838492
329,0.008001684565171615,0.00779111391871973,0.0,7.369972625815961E-4,0.9832596336070751
330,0.008001684565171615,0.00779111391871973,0.0,6.317119393556538E-4,0.9833649189303011
331,0.008001684565171615,0.00779111391871973,0.0,6.317119393556538E-4,0.9833649189303011
332,0.008001684565171615,0.00779111391871973,0.0,5.264266161297116E-4,0.983470204253527
333,0.008001684565171615,0.00779111391871973,0.0,5.264266161297116E-4,0.983470204253527
334,0.008001684565171615,0.00779111391871973,0.0,5.264266161297116E-4,0.983470204253527
335,0.008001684565171615,0.00779111391871973,0.0,5.264266161297116E-4,0.983470204253527
336,0.008001684565171615,0.00779111391871973,0.0,5.264266161297116E-4,0.983470204253527
337,0.008001684565171615,0.00779111391871973,0.0,5.264266161297116E-4,0.983470204253527
338,0.008001684565171615,0.00779111391871973,0.0,5.264266161297116E-4,0.983470204253527
339,0.008001684565171615,0.00779111391871973,0.0,5.264266161297116E-4,0.983470204253527
340,0.008001684565171615,0.00779111391871973,0.0,5.264266161297116E-4,0.983470204253527
341,0.008001684565171615,0.00779111391871973,0.0,5.264266161297116E-4,0.983470204253527
342,0.008001684565171615,0.00779111391871973,0.0,5.264266161297116E-4,0.983470204253527
343,0.008001684565171615,0.00779111391871973,0.0,4.211412929037692E-4,0.983575489576753
344,0.008001684565171615,0.00779111391871973,0.0,4.211412929037692E-4,0.983575489576753
345,0.008001684565171615,0.00779111391871973,0.0,4.211412929037692E-4,0.983575489576753
346,0.008001684565171615,0.00779111391871973,0.0,4.211412929037692E-4,0.983575489576753
347,0.008001684565171615,0.00779111391871973,0.0,4.211412929037692E-4,0.983575489576753
348,0.008001684565171615,0.00779111391871973,0.0,4.211412929037692E-4,0.983575489576753
349,0.008001684565171615,0.00779111391871973,0.0,4.211412929037692E-4,0.983575489576753
350,0.008001684565171615,0.00779111391871973,0.0,4.211412929037692E-4,0.983575489576753
351,0.008001684565171615,0.00779111391871973,0.0,4.211412929037692E-4,0.983575489576753
352,0.008001684565171615,0.00779111391871973,0.0,3.158559696778269E-4,0.983680774899979
353,0.008001684565171615,0.00779111391871973,0.0,2.105706464518846E-4,0.9837860602232049
354,0.008001684565171615,0.00779111391871973,0.0,2.105706464518846E-4,0.9837860602232049
355,0.008001684565171615,0.00779111391871973,0.0,2.105706464518846E-4,0.9837860602232049
356,0.008001684565171615,0.00779111391871973,0.0,2.105706464518846E-4,0.9837860602232049
357,0.008001684565171615,0.00779111391871973,0.0,2.105706464518846E-4,0.9837860602232049
358,0.008001684565171615,0.00779111391871973,0.0,2.105706464518846E-4,0.9837860602232049
359,0.008001684565171615,0.00779111391871973,0.0,2.105706464518846E-4,0.9837860602232049
360,0.008001684565171615,0.00779111391871973,0.0,2.105706464518846E-4,0.9837860602232049
361,0.008001684565171615,0.00779111391871973,0.0,2.105706464518846E-4,0.9837860602232049
362,0.008001684565171615,0.00779111391871973,0.0,2.105706464518846E-4,0.9837860602232049
363,0.008001684565171615,0.00779111391871973,0.0,2.105706464518846E-4,0.9837860602232049
364,0.008001684565171615,0.00779111391871973,0.0,2.105706464518846E-4,0.9837860602232049
365,0.008001684565171615,0.00779111391871973,0.0,2.105706464518846E-4,0.9837860602232049
366,0.008001684565171615,0.00779111391871973,0.0,2.105706464518846E-4,0.9837860602232049
367,0.008001684565171615,0.00779111391871973,0.0,2.105706464518846E-4,0.9837860602232049
368,0.008001684565171615,0.00779111391871973,0.0,2.105706464518846E-4,0.9837860602232049
369,0.008001684565171615,0.00779111391871973,0.0,2.105706464518846E-4,0.9837860602232049
370,0.008001684565171615,0.00779111391871973,0.0,1.052853232259423E-4,0.9838913455464309
371,0.008001684565171615,0.00779111391871973,0.0,0.0,0.9839966308696567
372,0.008001684565171615,0.00779111391871973,0.0,0.0,0.9839966308696567
373,0.008001684565171615,0.00779111391871973,0.0,0.0,0.9839966308696567
374,0.008001684565171615,0.00779111391871973,0.0,0.0,0.9839966308696567
375,0.008001684565171615,0.00779111391871973,0.0,0.0,0.9839966308696567
376,0.008001684565171615,0.00779111391871973,0.0,0.0,0.9839966308696567
377,0.008001684565171615,0.00779111391871973,0.0,0.0,0.9839966308696567
378,0.008001684565171615,0.00779111391871973,0.0,0.0,0.9839966308696567
379,0.008001684565171615,0.00779111391871973,0.0,0.0,0.9839966308696567
380,0.008001684565171615,0.00779111391871973,0.0,0.0,0.9839966308696567
381,0.008001684565171615,0.00779111391871973,0.0,0.0,0.9839966308696567
382,0.008001684565171615,0.00779111391871973,0.0,0.0,0.9839966308696567
383,0.008001684565171615,0.00779111391871973,0.0,0.0,0.9839966308696567
384,0.008001684565171615,0.00779111391871973,0.0,0.0,0.9839966308696567
385,0.008001684565171615,0.00779111391871973,0.0,0.0,0.9839966308696567
386,0.008001684565171615,0.00779111391871973,0.0,0.0,0.9839966308696567
387,0.008001684565171615,0.00779111391871973,0.0,0.0,0.9839966308696567
388,0.008001684565171615,0.00779111391871973,0.0,-1.052853232259423E-4,0.9841019161928827
389,0.008001684565171615,0.00779111391871973,0.0,-1.052853232259423E-4,0.9841019161928827
390,0.008001684565171615,0.00779111391871973,0.0,-1.052853232259423E-4,0.9841019161928827
391,0.008001684565171615,0.00779111391871973,0.0,-1.052853232259423E-4,0.9841019161928827
392,0.008001684565171615,0.00779111391871973,0.0,-1.052853232259423E-4,0.9841019161928827
393,0.008001684565171615,0.00779111391871973,0.0,-1.052853232259423E-4,0.9841019161928827
394,0.008001684565171615,0.00779111391871973,0.0,-1.052853232259423E-4,0.9841019161928827
395,0.008001684565171615,0.00779111391871973,0.0,-1.052853232259423E-4,0.9841019161928827
396,0.008001684565171615,0.00779111391871973,0.0,-1.052853232259423E-4,0.9841019161928827
397,0.008001684565171615,0.00779111391871973,0.0,-1.052853232259423E-4,0.9841019161928827
398,0.008001684565171615,0.00779111391871973,0.0,-1.052853232259423E-4,0.9841019161928827
399,0.008001684565171615,0.00779111391871973,0.0,-1.052853232259423E-4,0.9841019161928827
400,0.008001684565171615,0.00779111391871973,0.0,-1.052853232259423E-4,0.9841019161928827
401,0.008001684565171615,0.00779111391871973,0.0,-1.052853232259423E-4,0.9841019161928827
402,0.008001684565171615,0.00779111391871973,0.0,-1.052853232259423E-4,0.9841019161928827
403,0.008001684565171615,0.00779111391871973,0.0,-1.052853232259423E-4,0.9841019161928827
404,0.008001684565171615,0.00779111391871973,0.0,-1.052853232259423E-4,0.9841019161928827
405,0.008001684565171615,0.00779111391871973,0.0,-1.052853232259423E-4,0.9841019161928827
406,0.008001684565171615,0.00779111391871973,0.0,-1.052853232259423E-4,0.9841019161928827
407,0.008001684565171615,0.00779111391871973,0.0,-1.052853232259423E-4,0.9841019161928827
408,0.008001684565171615,0.00779111391871973,0.0,-1.052853232259423E-4,0.9841019161928827
409,0.008001684565171615,0.00779111391871973,0.0,-1.052853232259423E-4,0.9841019161928827
410,0.008001684565171615,0.00779111391871973,0.0,-1.052853232259423E-4,0.9841019161928827
411,0.008001684565171615,0.00779111391871973,0.0,-1.052853232259423E-4,0.9841019161928827
412,0.008001684565171615,0.00779111391871973,0.0,-1.052853232259423E-4,0.9841019161928827
413,0.008001684565171615,0.00779111391871973,0.0,-1.052853232259423E-4,0.9841019161928827
414,0.008001684565171615,0.00779111391871973,0.0,-1.052853232259423E-4,0.9841019161928827
415,0.008001684565171615,0.00779111391871973,0.0,-1.052853232259423E-4,0.9841019161928827
416,0.008001684565171615,0.00779111391871973,0.0,-1.052853232259423E-4,0.9841019161928827
417,0.008001684565171615,0.00779111391871973,0.0,-1.052853232259423E-4,0.9841019161928827
418,0.008001684565171615,0.00779111391871973,0.0,-1.052853232259423E-4,0.9841019161928827
419,0.008001684565171615,0.00779111391871973,0.0,-1.052853232259423E-4,0.9841019161928827
420,0.008001684565171615,0.00779111391871973,0.0,-1.052853232259423E-4,0.9841019161928827
421,0.008001684565171615,0.00779111391871973,0.0,-1.052853232259423E-4,0.9841019161928827
422,0.008001684565171615,0.00779111391871973,0.0,-1.052853232259423E-4,0.9841019161928827
423,0.008001684565171615,0.00779111391871973,0.0,-1.052853232259423E-4,0.9841019161928827
424,0.008001684565171615,0.00779111391871973,0.0,-1.052853232259423E-4,0.9841019161928827
425,0.008001684565171615,0.00779111391871973,0.0,-1.052853232259423E-4,0.9841019161928827
426,0.008001684565171615,0.00779111391871973,0.0,-1.052853232259423E-4,0.9841019161928827
427,0.008001684565171615,0.00779111391871973,0.0,-1.052853232259423E-4,0.9841019161928827
428,0.008001684565171615,0.00779111391871973,0.0,-1.052853232259423E-4,0.9841019161928827
429,0.008001684565171615,0.00779111391871973,0.0,-1.052853232259423E-4,0.9841019161928827
430,0.008001684565171615,0.00779111391871973,0.0,-1.052853232259423E-4,0.9841019161928827
431,0.008001684565171615,0.00779111391871973,0.0,-1.052853232259423E-4,0.9841019161928827
432,0.008001684565171615,0.00779111391871973,0.0,-1.052853232259423E-4,0.9841019161928827
433,0.008001684565171615,0.00779111391871973,0.0,-1.052853232259423E-4,0.9841019161928827
434,0.008001684565171615,0.00779111391871973,0.0,-1.052853232259423E-4,0.9841019161928827
435,0.008001684565171615,0.00779111391871973,0.0,-1.052853232259423E-4,0.9841019161928827
436,0.008001684565171615,0.00779111391871973,0.0,-1.052853232259423E-4,0.9841019161928827
437,0.008001684565171615,0.00779111391871973,0.0,-1.052853232259423E-4,0.9841019161928827
438,0.008001684565171615,0.00779111391871973,0.0,-1.052853232259423E-4,0.9841019161928827
439,0.008001684565171615,0.00779111391871973,0.0,-1.052853232259423E-4,0.9841019161928827
440,0.008001684565171615,0.00779111391871973,0.0,-1.052853232259423E-4,0.9841019161928827
441,0.008001684565171615,0.00779111391871973,0.0,-1.052853232259423E-4,0.9841019161928827
442,0.008001684565171615,0.00779111391871973,0.0,-1.052853232259423E-4,0.9841019161928827
443,0.008001684565171615,0.00779111391871973,0.0,-1.052853232259423E-4,0.9841019161928827
444,0.008001684565171615,0.00779111391871973,0.0,-1.052853232259423E-4,0.9841019161928827
445,0.008001684565171615,0.00779111391871973,0.0,-1.052853232259423E-4,0.9841019161928827
446,0.008001684565171615,0.00779111391871973,0.0,-1.052853232259423E-4,0.9841019161928827
447,0.008001684565171615,0.00779111391871973,0.0,-1.052853232259423E-4,0.9841019161928827
448,0.008001684565171615,0.00779111391871973,0.0,-1.052853232259423E-4,0.9841019161928827
449,0.008001684565171615,0.00779111391871973,0.0,-1.052853232259423E-4,0.9841019161928827
450,0.008001684565171615,0.00779111391871973,0.0,-1.052853232259423E-4,0.9841019161928827
451,0.008001684565171615,0.00779111391871973,0.0,-1.052853232259423E-4,0.9841019161928827
452,0.008001684565171615,0.00779111391871973,0.0,-1.052853232259423E-4,0.9841019161928827
453,0.008001684565171615,0.00779111391871973,0.0,-1.052853232259423E-4,0.9841019161928827
454,0.008001684565171615,0.00779111391871973,0.0,-1.052853232259423E-4,0.9841019161928827
455,0.008001684565171615,0.00779111391871973,0.0,-1.052853232259423E-4,0.9841019161928827
456,0.008001684565171615,0.00779111391871973,0.0,-1.052853232259423E-4,0.9841019161928827
457,0.008001684565171615,0.00779111391871973,0.0,-1.052853232259423E-4,0.9841019161928827
458,0.008001684565171615,0.00779111391871973,0.0,-1.052853232259423E-4,0.9841019161928827
459,0.008001684565171615,0.00779111391871973,0.0,-1.052853232259423E-4,0.9841019161928827
460,0.008001684565171615,0.00779111391871973,0.0,-1.052853232259423E-4,0.9841019161928827
461,0.008001684565171615,0.00779111391871973,0.0,-1.052853232259423E-4,0.9841019161928827
462,0.008001684565171615,0.00779111391871973,0.0,-1.052853232259423E-4,0.9841019161928827
463,0.008001684565171615,0.00779111391871973,0.0,-1.052853232259423E-4,0.9841019161928827
464,0.008001684565171615,0.00779111391871973,0.0,-1.052853232259423E-4,0.9841019161928827
465,0.008001684565171615,0.00779111391871973,0.0,-1.052853232259423E-4,0.9841019161928827
466,0.008001684565171615,0.00779111391871973,0.0,-1.052853232259423E-4,0.9841019161928827
467,0.008001684565171615,0.00779111391871973,0.0,-1.052853232259423E-4,0.9841019161928827
468,0.008001684565171615,0.00779111391871973,0.0,-1.052853232259423E-4,0.9841019161928827
469,0.008001684565171615,0.00779111391871973,0.0,-1.052853232259423E-4,0.9841019161928827
470,0.008001684565171615,0.00779111391871973,0.0,-1.052853232259423E-4,0.9841019161928827
471,0.008001684565171615,0.00779111391871973,0.0,-1.052853232259423E-4,0.9841019161928827
472,0.008001684565171615,0.00779111391871973,0.0,-1.052853232259423E-4,0.9841019161928827
473,0.008001684565171615,0.00779111391871973,0.0,-1.052853232259423E-4,0.9841019161928827
474,0.008001684565171615,0.00779111391871973,0.0,-1.052853232259423E-4,0.9841019161928827
475,0.008001684565171615,0.00779111391871973,0.0,-1.052853232259423E-4,0.9841019161928827
476,0.008001684565171615,0.00779111391871973,0.0,-1.052853232259423E-4,0.9841019161928827
477,0.008001684565171615,0.00779111391871973,0.0,-1.052853232259423E-4,0.9841019161928827
478,0.008001684565171615,0.00779111391871973,0.0,-1.052853232259423E-4,0.9841019161928827
479,0.008001684565171615,0.00779111391871973,0.0,-1.052853232259423E-4,0.9841019161928827
480,0.008001684565171615,0.00779111391871973,0.0,-1.052853232259423E-4,0.9841019161928827
481,0.008001684565171615,0.00779111391871973,0.0,-1.052853232259423E-4,0.9841019161928827
482,0.008001684565171615,0.00779111391871973,0.0,-1.052853232259423E-4,0.9841019161928827
483,0.008001684565171615,0.00779111391871973,0.0,-1.052853232259423E-4,0.9841019161928827
484,0.008001684565171615,0.00779111391871973,0.0,-1.052853232259423E-4,0.9841019161928827
485,0.008001684565171615,0.00779111391871973,0.0,-1.052853232259423E-4,0.9841019161928827
486,0.008001684565171615,0.00779111391871973,0.0,-1.052853232259423E-4,0.9841019161928827
487,0.008001684565171615,0.00779111391871973,0.0,-1.052853232259423E-4,0.9841019161928827
488,0.008001684565171615,0.00779111391871973,0.0,-1.052853232259423E-4,0.9841019161928827
489,0.008001684565171615,0.00779111391871973,0.0,-1.052853232259423E-4,0.9841019161928827
490,0.008001684565171615,0.00779111391871973,0.0,-1.052853232259423E-4,0.9841019161928827
491,0.008001684565171615,0.00779111391871973,0.0,-1.052853232259423E-4,0.9841019161928827
492,0.008001684565171615,0.00779111391871973,0.0,-1.052853232259423E-4,0.9841019161928827
493,0.008001684565171615,0.00779111391871973,0.0,-1.052853232259423E-4,0.9841019161928827
494,0.008001684565171615,0.00779111391871973,0.0,-1.052853232259423E-4,0.9841019161928827
495,0.008001684565171615,0.00779111391871973,0.0,-1.052853232259423E-4,0.9841019161928827
496,0.008001684565171615,0.00779111391871973,0.0,-1.052853232259423E-4,0.9841019161928827
497,0.008001684565171615,0.00779111391871973,0.0,-1.052853232259423E-4,0.9841019161928827
498,0.008001684565171615,0.00779111391871973,0.0,-1.052853232259423E-4,0.9841019161928827
499,0.008001684565171615,0.00779111391871973,0.0,-1.052853232259423E-4,0.9841019161928827
