0,0.695,0.3,0,0.005,0
1,0.5528532322594231,0.268267003579701,0.13929248262792165,0.038323857654242996,0.0010528532322594231
2,0.423352284691514,0.23383870288481787,0.2638450200042114,0.07591071804590441,0.002842703727100442
3,0.3085912823752369,0.19077700568540745,0.36944619919983157,0.12434196672983786,0.0066329753632343655
4,0.23626026531901453,0.1592966940408507,0.4323015371657191,0.16098125921246578,0.010949673615498
5,0.18361760370604338,0.13455464308275428,0.4728363866077069,0.19225100021057065,0.016529795746472942
6,0.15087386818277532,0.11465571699305117,0.49273531269741,0.21857233101705623,0.022952200463255423
7,0.12981680353758687,0.1012844809433565,0.49715729627289956,0.2416298168035376,0.029901031796167613
8,0.11202358391240261,0.08886081280269531,0.5011581385554854,0.25963360707517374,0.03811328700779111
9,0.10044219835754896,0.08096441356074963,0.49663086965676984,0.27542640555906506,0.046325542219414616
10,0.09117708991366603,0.07138344914718889,0.4922088860812803,0.29058749210360074,0.05443251210781217
11,0.08254369340913877,0.06548747104653611,0.4863129079806275,0.3001684565171615,0.06527690040008423
12,0.07633185933880816,0.06032849020846494,0.479890503263845,0.30827542640555905,0.07496315013687092
13,0.07169930511686672,0.0567487892187829,0.47104653611286584,0.3153295430616972,0.08496525584333543
14,0.06654032427879554,0.053379658875552745,0.46114971572962726,0.32175194777847965,0.09696778269109287
15,0.0622236260265319,0.04916824594651505,0.4516740366392925,0.3297536323436513,0.10696988839755737
16,0.058328069067172035,0.04569383028005896,0.4412507896399242,0.33575489576753,0.11876184459886292
17,0.05485365340071594,0.0430616971994104,0.43188039587281535,0.34207201516108654,0.1279216677195199
18,0.05285323225942304,0.0403242787955359,0.4186144451463466,0.34828384923141714,0.13971362392082542
19,0.05053695514845231,0.038323857654242996,0.408822910086334,0.3536534007159402,0.14845230574857865
20,0.048115392714255634,0.036007580543272265,0.3979785217940619,0.3582859549378817,0.15940197936407666
21,0.04611497157296273,0.034533586018109075,0.3874499894714677,0.3615497999578859,0.17014108233312275
22,0.04369340913876606,0.0335860181090756,0.37776373973468097,0.36323436512950097,0.18151189724152453
23,0.041798273320699096,0.03200673826068646,0.36828806064434616,0.36502421562434195,0.19267214150347442
24,0.04074542008843967,0.030111602442619498,0.3583912402611076,0.36723520741208676,0.20330595914929459
25,0.039481996209728365,0.029164034533586018,0.348494419877869,0.3700779111391872,0.2125710675931775
26,0.03811328700779111,0.028005895978100652,0.33933459675721206,0.3716571909875763,0.22267845862286798
27,0.03706043377553169,0.027268898715519057,0.32985891766687725,0.3728153295430617,0.23278584965255844
28,0.0355864392503685,0.02600547483680775,0.3228048010107391,0.37186776163402824,0.24352495262160453
29,0.034533586018109075,0.025584333543903978,0.31469783112234156,0.3711307643714466,0.2538429142977469
30,0.03327016213939777,0.02516319225100021,0.3063802905874921,0.3723941882501579,0.2625815961255001
31,0.03274373552326806,0.024636765634870498,0.29648347020425353,0.3713413350178985,0.2745841229732575
32,0.03148031164455675,0.02421562434196673,0.28921878290166353,0.36944619919983157,0.2854285112655296
33,0.03126974099810487,0.023478627079385132,0.28205938092229943,0.36765634870499053,0.2953253316487682
34,0.03095388502842704,0.022320488523899767,0.27342598441777216,0.3661823541798273,0.30690671720362184
35,0.030743314381975154,0.021794061907770057,0.2670035797009897,0.36144451463465993,0.3188039587281533
36,0.030006317119393555,0.02147820593809223,0.26037060433775533,0.3578648136449779,0.3300694883133291
37,0.029164034533586018,0.021057064645188462,0.25479048220678036,0.3547062539481996,0.34007159401979364
38,0.028637607917456308,0.020741208675510634,0.24742050958096443,0.35228469151400293,0.3507054116656138
39,0.027795325331648767,0.02021478205938092,0.24026110760160033,0.3510212676352916,0.36049694672562643
40,0.026847757422615286,0.02000421141292904,0.23383870288481787,0.34733628132238364,0.3717624763108023
41,0.025794904190355863,0.01926721415034744,0.22657401558222784,0.3463887134133502,0.3817645820172668
42,0.02516319225100021,0.018846072857443674,0.22004632554221942,0.34438829227205725,0.39134554643082753
43,0.024952621604548326,0.018214360918088018,0.21499263002737418,0.34207201516108654,0.399557801642451
44,0.024636765634870498,0.017898504948410193,0.20793851337123606,0.34038744998947146,0.4089281954095599
45,0.024426194988418616,0.017582648978732365,0.2030953885028427,0.33680774899978944,0.417877447883765
46,0.023689197725837018,0.01737207833228048,0.19793640766477152,0.3324910507475258,0.42830069488313327
47,0.023689197725837018,0.017266793009054537,0.19267214150347442,0.3304906296062329,0.4356706675089492
48,0.02326805643293325,0.01695093703937671,0.1874078753421773,0.32659507264687304,0.4455674878921878
49,0.022952200463255423,0.016529795746472942,0.18151189724152453,0.3242787955359023,0.45451674036639295
50,0.022636344493577595,0.016108654453569172,0.1766687723731312,0.32175194777847965,0.4626237102547905
51,0.022320488523899767,0.015898083807117287,0.17182564750473783,0.31869867340492736,0.47104653611286584
52,0.022109917877447885,0.015792798483891344,0.16592966940408507,0.31448726047588965,0.48146978311223415
53,0.021794061907770057,0.01558222783743946,0.16213939776795114,0.3106969888397557,0.4895767530006317
54,0.021372920614866286,0.01547694251421352,0.15719098757633185,0.30827542640555905,0.4974731522425774
55,0.021057064645188462,0.015161086544535692,0.1528742893240682,0.3054327226784586,0.5052642661612972
56,0.02095177932196252,0.015055801221309749,0.14824173510212676,0.3012213097494209,0.5143188039587282
57,0.02063592335228469,0.014845230574857865,0.14350389555695936,0.299220888608128,0.5215834912613182
58,0.019898926089703096,0.01463465992840598,0.1399241945672773,0.2966940408507054,0.5286376079174563
59,0.01968835544325121,0.014318803958728154,0.1361339229311434,0.29311433986102337,0.536534007159402
60,0.019477784796799326,0.014108233312276269,0.1328700779111392,0.28858707096230785,0.5447462623710255
61,0.01926721415034744,0.013792377342598442,0.12834280901242368,0.2859549378816593,0.5524320909665192
62,0.018635502210991788,0.013371236049694672,0.12560539060854917,0.28205938092229943,0.5601179195620131
63,0.017687934301958308,0.01284480943356496,0.12297325752790061,0.2790061065487471,0.5672773215413771
64,0.017056222362602652,0.012634238787113077,0.11970941250789639,0.275531690882291,0.574857864813645
65,0.016319225100021057,0.012423668140661192,0.11707727942724784,0.27279427247841653,0.5811749842072015
66,0.015898083807117287,0.011791956201305537,0.11402400505369552,0.2703727100442198,0.5877026742472099
67,0.01558222783743946,0.011791956201305537,0.11076016003369131,0.2655295851758265,0.5961255001052853
68,0.015161086544535692,0.011054958938723942,0.10918088018530217,0.260897030953885,0.6034954727311013
69,0.014739945251631923,0.010423246999368288,0.10770688566013897,0.25679090334807325,0.6101284480943356
70,0.014318803958728154,0.009896820383238577,0.10433775531690882,0.25342177300484314,0.6178142766898295
71,0.014213518635502211,0.009686249736786692,0.10170562223626027,0.2503684986312908,0.6238155401137081
72,0.014108233312276269,0.009686249736786692,0.09844177721625605,0.24952621604548325,0.6280269530427458
73,0.014002947989050326,0.009686249736786692,0.09549378816592967,0.24626237102547904,0.6343440724363024
74,0.013792377342598442,0.009475679090334808,0.09254579911560329,0.24247209938934514,0.6415034744156665
75,0.013581806696146557,0.00915982312065698,0.08896609812592125,0.24110339018740787,0.6469783112234154
76,0.013476521372920615,0.008843967150979154,0.08728153295430617,0.23647083596546642,0.6537165719098758
77,0.013476521372920615,0.008633396504527269,0.08433354390397979,0.2319435670667509,0.6614024005053696
78,0.013160665403242788,0.008422825858075385,0.08128026953042745,0.22889029269319858,0.668035375868604
79,0.013055380080016846,0.0082122552116235,0.07906927774268267,0.22562644767319437,0.6738260686460308
80,0.012950094756790903,0.008001684565171615,0.07675300063171193,0.2242577384712571,0.6778269109286166
81,0.01273952411033902,0.008001684565171615,0.07527900610654875,0.21962518424931565,0.6841440303221731
82,0.012634238787113077,0.008001684565171615,0.07285744367235207,0.21636133922931144,0.6899347230995999
83,0.012528953463887134,0.008001684565171615,0.07138344914718889,0.21172878500736997,0.6961465571699305
84,0.012423668140661192,0.007896399241945672,0.06959359865234786,0.2078332280480101,0.7020425352705832
85,0.012318382817435249,0.00779111391871973,0.06727732154137714,0.20362181511897243,0.7087807959570436
86,0.012107812170983365,0.007685828595493788,0.06538218572331017,0.1990945462202569,0.7155190566435039
87,0.012002526847757423,0.007685828595493788,0.06275005264266162,0.1981469783112234,0.7192040429564118
88,0.012002526847757423,0.007580543272267846,0.06159191408717625,0.19414613602863762,0.724468309117709
89,0.012002526847757423,0.007369972625815961,0.059486207622657404,0.19046114971572964,0.7304695725415877
90,0.011791956201305537,0.007369972625815961,0.05769635712781638,0.18709201937249947,0.7358391240261107
91,0.011791956201305537,0.007369972625815961,0.055695935986523476,0.1834070330595915,0.7415245314803116
92,0.011686670878079595,0.007369972625815961,0.05390608549168246,0.18077489997894294,0.7460518003790272
93,0.011686670878079595,0.007264687302590019,0.05211623499684144,0.17761634028216466,0.7511054958938724
94,0.011686670878079595,0.007264687302590019,0.051168667087807956,0.17361549799957887,0.7560539060854917
95,0.011581385554853654,0.007264687302590019,0.05032638450200042,0.16961465571699305,0.761002316277111
96,0.011581385554853654,0.007159401979364077,0.04906296062328911,0.16793009054537797,0.7640555906506633
97,0.011476100231627711,0.007159401979364077,0.04716782480522215,0.16540324278795535,0.7685828595493788
98,0.011370814908401769,0.007159401979364077,0.04611497157296273,0.16150768582859548,0.773636555064224
99,0.011370814908401769,0.007159401979364077,0.04421983575489577,0.15940197936407666,0.7776373973468098
100,0.011370814908401769,0.007054116656138134,0.04264055590650663,0.1558222783743946,0.782901663508107
101,0.011370814908401769,0.006948831332912192,0.04148241735102127,0.15297957464729417,0.7870077911139187
102,0.011370814908401769,0.006948831332912192,0.040218993472309957,0.14992630027374185,0.7913244893661824
103,0.011370814908401769,0.006948831332912192,0.03927142556327648,0.14687302590018952,0.7953253316487682
104,0.011370814908401769,0.006948831332912192,0.038008001684565175,0.14371446620341125,0.7997473152242578
105,0.011370814908401769,0.00684354600968625,0.036849863129079806,0.14192461570857023,0.8028005895978101
106,0.011370814908401769,0.00684354600968625,0.03527058328069067,0.13971362392082542,0.806590861233944
107,0.011370814908401769,0.00684354600968625,0.034112444725205304,0.13739734680985471,0.8100652769004001
108,0.011265529585175826,0.00684354600968625,0.032849020846494,0.1353969256685618,0.8134344072436303
109,0.011265529585175826,0.006738260686460307,0.03148031164455675,0.13350178985049485,0.8168035375868604
110,0.011265529585175826,0.006738260686460307,0.030427458412297326,0.13097494209307223,0.8203832385765424
111,0.011265529585175826,0.006738260686460307,0.029374605180037903,0.12876395030532745,0.8236470835965466
112,0.011160244261949883,0.0066329753632343655,0.028111181301326595,0.1269740998104864,0.8269109286165508
113,0.011160244261949883,0.0066329753632343655,0.027163613392293114,0.1244472520530638,0.8303853442830069
114,0.011160244261949883,0.0066329753632343655,0.02642661612971152,0.12118340703305959,0.8343861865655927
115,0.011160244261949883,0.0066329753632343655,0.02568961886712992,0.11970941250789639,0.8365971783533376
116,0.011160244261949883,0.0066329753632343655,0.024847336281322383,0.1169719941040219,0.8401768793430195
117,0.011160244261949883,0.0066329753632343655,0.02421562434196673,0.11528742893240682,0.8424931564539904
118,0.011160244261949883,0.0066329753632343655,0.023162771109707308,0.11318172246788798,0.8456517161507686
119,0.010949673615498,0.0066329753632343655,0.02284691514002948,0.1114971572962729,0.8478627079385134
120,0.010949673615498,0.006527690040008423,0.021899347230996,0.10907559486207623,0.8513371236049695
121,0.010844388292272057,0.006527690040008423,0.021057064645188462,0.10696988839755737,0.8543903979785218
122,0.010844388292272057,0.006527690040008423,0.02063592335228469,0.1052853232259423,0.8564961044430407
123,0.010844388292272057,0.006527690040008423,0.02000421141292904,0.1032849020846494,0.8591282375236892
124,0.010739102969046115,0.006527690040008423,0.01958307012002527,0.10138976626658244,0.8615497999578858
125,0.010739102969046115,0.006527690040008423,0.018635502210991788,0.09928405980206359,0.8646030743314382
126,0.010739102969046115,0.006527690040008423,0.018109075594862075,0.09717835333754475,0.8672352074120867
127,0.010739102969046115,0.006527690040008423,0.01779321962518425,0.09538850284270373,0.8693409138766056
128,0.010739102969046115,0.006527690040008423,0.016740366392924828,0.09423036428721836,0.8715519056643504
129,0.010739102969046115,0.006527690040008423,0.015792798483891344,0.09254579911560329,0.874184038744999
130,0.010739102969046115,0.006527690040008423,0.015371657190987577,0.09128237523689198,0.875868603916614
131,0.010739102969046115,0.006527690040008423,0.014845230574857865,0.08980838071172878,0.877869025057907
132,0.010739102969046115,0.006527690040008423,0.014845230574857865,0.08696567698462834,0.8807117287850074
133,0.010739102969046115,0.006527690040008423,0.014529374605180037,0.08496525584333543,0.8830280058959781
134,0.010633817645820172,0.006527690040008423,0.014529374605180037,0.08264897873236471,0.8854495683301747
135,0.010633817645820172,0.006527690040008423,0.014002947989050326,0.08106969888397557,0.8875552747946936
136,0.010633817645820172,0.00642240471678248,0.013581806696146557,0.07980627500526427,0.8893451252895347
137,0.010633817645820172,0.00642240471678248,0.013371236049694672,0.0779111391871973,0.8914508317540535
138,0.010633817645820172,0.006317119393556538,0.013265950726468731,0.07580543272267846,0.8937671088650242
139,0.010633817645820172,0.006317119393556538,0.01284480943356496,0.07348915561170773,0.8965045272688987
140,0.010633817645820172,0.006317119393556538,0.012528953463887134,0.07169930511686672,0.8986102337334175
141,0.010633817645820172,0.006317119393556538,0.012318382817435249,0.06959359865234786,0.9009265108443882
142,0.010633817645820172,0.006317119393556538,0.01189724152453148,0.06780374815750684,0.9031375026321331
143,0.010528532322594231,0.006317119393556538,0.011791956201305537,0.06601389766266583,0.905137923773426
144,0.010423246999368288,0.006317119393556538,0.011581385554853654,0.06475047378395452,0.9067172036218151
145,0.010423246999368288,0.006317119393556538,0.011581385554853654,0.06327647925879132,0.9081911981469784
146,0.010423246999368288,0.006317119393556538,0.011054958938723942,0.06253948199620973,0.9094546220256896
147,0.010423246999368288,0.006317119393556538,0.010633817645820172,0.06085491682459465,0.9115603284902085
148,0.010317961676142346,0.006317119393556538,0.010212676352916403,0.05938092229943146,0.9135607496315014
149,0.010317961676142346,0.006317119393556538,0.01010739102969046,0.05843335439039798,0.9146136028637608
150,0.010317961676142346,0.006317119393556538,0.009896820383238577,0.0574857864813645,0.9157717414192461
151,0.010317961676142346,0.006211834070330596,0.009580964413560749,0.057275215834912616,0.9164034533586018
152,0.010317961676142346,0.006211834070330596,0.009370393767108865,0.05622236260265319,0.9176668772373131
153,0.010317961676142346,0.006211834070330596,0.009054537797431038,0.05516950937039377,0.9190355864392503
154,0.010317961676142346,0.006211834070330596,0.008843967150979154,0.054221941461360286,0.9201937249947357
155,0.010317961676142346,0.006211834070330596,0.008317540534849443,0.053063802905874924,0.9218782901663508
156,0.010317961676142346,0.006211834070330596,0.008106969888397557,0.05180037902716361,0.923352284691514
157,0.010317961676142346,0.006211834070330596,0.007896399241945672,0.05022109917877448,0.925142135186355
158,0.010317961676142346,0.006211834070330596,0.007580543272267846,0.04948410191619288,0.9261949884186145
159,0.010317961676142346,0.006211834070330596,0.007580543272267846,0.04801010739102969,0.9276689829437776
160,0.010317961676142346,0.006211834070330596,0.007264687302590019,0.04643082754264056,0.9295641187618446
161,0.010317961676142346,0.006211834070330596,0.007159401979364077,0.04516740366392925,0.9309328279637819
162,0.010317961676142346,0.006211834070330596,0.006948831332912192,0.04421983575489577,0.9320909665192673
163,0.010317961676142346,0.006211834070330596,0.006527690040008423,0.043798694461992,0.9329332491050748
164,0.010317961676142346,0.006211834070330596,0.00642240471678248,0.04264055590650663,0.9341966729837861
165,0.010317961676142346,0.006211834070330596,0.006317119393556538,0.041798273320699096,0.9351442408928196
166,0.010317961676142346,0.006211834070330596,0.006211834070330596,0.04074542008843967,0.9363023794483049
167,0.010317961676142346,0.006211834070330596,0.006106548747104654,0.03916614024005054,0.9379869446199199
168,0.010317961676142346,0.006211834070330596,0.006106548747104654,0.03821857233101705,0.9389345125289534
169,0.010317961676142346,0.006211834070330596,0.006106548747104654,0.03695514845230575,0.9401979364076648
170,0.010317961676142346,0.006211834070330596,0.006001263423878711,0.03621815118972415,0.9410402189934723
171,0.010317961676142346,0.006106548747104654,0.006001263423878711,0.035691724573594444,0.941671930932828
172,0.010317961676142346,0.006106548747104654,0.005790692777426827,0.0348494419877869,0.9427247841650874
173,0.010317961676142346,0.006106548747104654,0.005369551484523057,0.03400715940197936,0.9439882080437987
174,0.010317961676142346,0.006106548747104654,0.004843124868393346,0.03337544746262371,0.9451463465992841
175,0.010317961676142346,0.006106548747104654,0.004737839545167404,0.03295430616971994,0.9456727732154138
176,0.010317961676142346,0.006106548747104654,0.004421983575489577,0.0321120235839124,0.9468309117708992
177,0.009896820383238577,0.006106548747104654,0.004737839545167404,0.03169088229100863,0.9473573383870288
178,0.009686249736786692,0.006106548747104654,0.0049484101916192885,0.03116445567487892,0.9478837650031585
179,0.009265108443882923,0.006106548747104654,0.005158980838071173,0.030848599705201096,0.9484101916192883
180,0.00915982312065698,0.006106548747104654,0.004843124868393346,0.03053274373552327,0.9491471888818699
181,0.008633396504527269,0.006001263423878711,0.005158980838071173,0.030111602442619498,0.9498841861444515
182,0.008528111181301326,0.006001263423878711,0.00505369551484523,0.029795746472941673,0.9504106127605811
183,0.008317540534849443,0.005895978100652769,0.00505369551484523,0.029901031796167613,0.950621183407033
184,0.008001684565171615,0.005790692777426827,0.0052642661612971155,0.02926931985681196,0.9514634659928406
185,0.008001684565171615,0.005685407454200884,0.0049484101916192885,0.029058749210360075,0.9520951779321962
186,0.008001684565171615,0.005580122130974942,0.0049484101916192885,0.028216466624552537,0.9530427458412297
187,0.00779111391871973,0.005580122130974942,0.005158980838071173,0.027690040008422828,0.9535691724573594
188,0.007580543272267846,0.005474836807749,0.005158980838071173,0.026847757422615286,0.9547273110128448
189,0.007475257949041903,0.005369551484523057,0.0052642661612971155,0.025900189513581806,0.9557801642451043
190,0.007475257949041903,0.0052642661612971155,0.0052642661612971155,0.025373762897452096,0.9564118761844599
191,0.007264687302590019,0.0052642661612971155,0.005474836807749,0.02421562434196673,0.9575700147399453
192,0.007159401979364077,0.0052642661612971155,0.005474836807749,0.02379448304906296,0.958096441356075
193,0.00684354600968625,0.0052642661612971155,0.005580122130974942,0.02337334175615919,0.9587281532954306
194,0.00684354600968625,0.0052642661612971155,0.0052642661612971155,0.022741629816803537,0.9596757212044641
195,0.00684354600968625,0.005158980838071173,0.00505369551484523,0.02284691514002948,0.959886291850916
196,0.00684354600968625,0.005158980838071173,0.004843124868393346,0.022636344493577595,0.9603074331438197
197,0.00684354600968625,0.005158980838071173,0.004737839545167404,0.022004632554221942,0.9610444304064013
198,0.00684354600968625,0.005158980838071173,0.004737839545167404,0.021372920614866286,0.961676142345757
199,0.00684354600968625,0.00505369551484523,0.004737839545167404,0.021372920614866286,0.9617814276689829
200,0.00684354600968625,0.00505369551484523,0.004632554221941461,0.021267635291640344,0.9619919983154348
201,0.00684354600968625,0.00505369551484523,0.004527268898715519,0.020846493998736577,0.9625184249315646
202,0.00684354600968625,0.00505369551484523,0.004527268898715519,0.02021478205938092,0.9631501368709202
203,0.00684354600968625,0.00505369551484523,0.004316698252263634,0.019372499473573383,0.9642029901031797
204,0.00684354600968625,0.00505369551484523,0.004316698252263634,0.019161928827121498,0.9644135607496315
205,0.00684354600968625,0.00505369551484523,0.00410612760581175,0.018530216887765846,0.965255843335439
206,0.00684354600968625,0.00505369551484523,0.00410612760581175,0.018109075594862075,0.9656769846283428
207,0.00684354600968625,0.00505369551484523,0.003895556959359865,0.018109075594862075,0.9658875552747946
208,0.00684354600968625,0.00505369551484523,0.003790271636133923,0.01779321962518425,0.9663086965676985
209,0.00684354600968625,0.00505369551484523,0.0035797009896820385,0.017056222362602652,0.967256264476732
210,0.00684354600968625,0.00505369551484523,0.0035797009896820385,0.016740366392924828,0.9675721204464097
211,0.00684354600968625,0.00505369551484523,0.0035797009896820385,0.016213939776795114,0.9680985470625395
212,0.00684354600968625,0.00505369551484523,0.003474415666456096,0.015792798483891344,0.9686249736786692
213,0.00684354600968625,0.00505369551484523,0.0033691303432301536,0.015792798483891344,0.9687302590018951
214,0.00684354600968625,0.00505369551484523,0.0033691303432301536,0.015161086544535692,0.9693619709412508
215,0.00684354600968625,0.00505369551484523,0.0032638450200042114,0.015161086544535692,0.9694672562644767
216,0.00684354600968625,0.00505369551484523,0.0032638450200042114,0.014950515898083806,0.9696778269109286
217,0.00684354600968625,0.00505369551484523,0.0032638450200042114,0.014950515898083806,0.9696778269109286
218,0.00684354600968625,0.00505369551484523,0.0032638450200042114,0.01463465992840598,0.9699936828806064
219,0.00684354600968625,0.00505369551484523,0.003053274373552327,0.014424089281954095,0.9704148241735102
220,0.00684354600968625,0.00505369551484523,0.0029479890503263844,0.013476521372920615,0.9714676774057697
221,0.00684354600968625,0.00505369551484523,0.0029479890503263844,0.012423668140661192,0.972520530638029
222,0.00684354600968625,0.00505369551484523,0.002842703727100442,0.012318382817435249,0.9727311012844809
223,0.00684354600968625,0.00505369551484523,0.0026321330806485578,0.012528953463887134,0.9727311012844809
224,0.00684354600968625,0.00505369551484523,0.0026321330806485578,0.012213097494209308,0.9730469572541588
225,0.00684354600968625,0.00505369551484523,0.002526847757422615,0.012107812170983365,0.9732575279006107
226,0.00684354600968625,0.00505369551484523,0.002526847757422615,0.011791956201305537,0.9735733838702885
227,0.00684354600968625,0.00505369551484523,0.002526847757422615,0.011581385554853654,0.9737839545167404
228,0.00684354600968625,0.00505369551484523,0.002526847757422615,0.010949673615498,0.974415666456096
229,0.00684354600968625,0.00505369551484523,0.002526847757422615,0.010633817645820172,0.9747315224257739
230,0.00684354600968625,0.00505369551484523,0.002526847757422615,0.010317961676142346,0.9750473783954516
231,0.00684354600968625,0.00505369551484523,0.002526847757422615,0.009686249736786692,0.9756790903348074
232,0.00684354600968625,0.00505369551484523,0.0023162771109707307,0.009686249736786692,0.9758896609812592
233,0.00684354600968625,0.00505369551484523,0.0022109917877447885,0.009475679090334808,0.976205516950937
234,0.00684354600968625,0.00505369551484523,0.0022109917877447885,0.00915982312065698,0.9765213729206149
235,0.00684354600968625,0.00505369551484523,0.0022109917877447885,0.008843967150979154,0.9768372288902927
236,0.00684354600968625,0.00505369551484523,0.0021057064645188463,0.008528111181301326,0.9772583701831965
237,0.00684354600968625,0.00505369551484523,0.0020004211412929036,0.008317540534849443,0.9775742261528743
238,0.00684354600968625,0.00505369551484523,0.0020004211412929036,0.0082122552116235,0.9776795114761002
239,0.00684354600968625,0.00505369551484523,0.0018951358180669614,0.008106969888397557,0.9778900821225521
240,0.00684354600968625,0.00505369551484523,0.0018951358180669614,0.007896399241945672,0.978100652769004
241,0.00684354600968625,0.00505369551484523,0.0016845651716150768,0.008001684565171615,0.97820593809223
242,0.00684354600968625,0.00505369551484523,0.0016845651716150768,0.00779111391871973,0.9784165087386818
243,0.00684354600968625,0.00505369551484523,0.0015792798483891346,0.007685828595493788,0.9786270793851337
244,0.00684354600968625,0.00505369551484523,0.00136870920193725,0.007896399241945672,0.9786270793851337
245,0.00684354600968625,0.00505369551484523,0.00136870920193725,0.007685828595493788,0.9788376500315856
246,0.00684354600968625,0.00505369551484523,0.0012634238787113076,0.007685828595493788,0.9789429353548116
247,0.00684354600968625,0.00505369551484523,0.0012634238787113076,0.007475257949041903,0.9791535060012634
248,0.00684354600968625,0.00505369551484523,0.0012634238787113076,0.007159401979364077,0.9794693619709413
249,0.00684354600968625,0.00505369551484523,0.0011581385554853654,0.007159401979364077,0.9795746472941672
250,0.00684354600968625,0.00505369551484523,0.0011581385554853654,0.006948831332912192,0.9797852179406191
251,0.00684354600968625,0.00505369551484523,0.0011581385554853654,0.0066329753632343655,0.9801010739102969
252,0.00684354600968625,0.00505369551484523,0.0011581385554853654,0.006527690040008423,0.9802063592335228
253,0.00684354600968625,0.00505369551484523,0.0010528532322594231,0.006317119393556538,0.9805222152032007
254,0.00684354600968625,0.00505369551484523,0.0010528532322594231,0.006106548747104654,0.9807327858496525
255,0.00684354600968625,0.00505369551484523,0.0010528532322594231,0.005685407454200884,0.9811539271425563
256,0.00684354600968625,0.00505369551484523,0.0010528532322594231,0.005580122130974942,0.9812592124657823
257,0.00684354600968625,0.00505369551484523,8.422825858075384E-4,0.005580122130974942,0.9814697831122342
258,0.00684354600968625,0.00505369551484523,8.422825858075384E-4,0.005474836807749,0.98157506843546
259,0.00684354600968625,0.00505369551484523,7.369972625815961E-4,0.005474836807749,0.981680353758686
260,0.00684354600968625,0.00505369551484523,7.369972625815961E-4,0.005474836807749,0.981680353758686
261,0.00684354600968625,0.00505369551484523,7.369972625815961E-4,0.0052642661612971155,0.9818909244051379
262,0.00684354600968625,0.00505369551484523,7.369972625815961E-4,0.00505369551484523,0.9821014950515898
263,0.00684354600968625,0.00505369551484523,7.369972625815961E-4,0.004843124868393346,0.9823120656980417
264,0.00684354600968625,0.00505369551484523,7.369972625815961E-4,0.004737839545167404,0.9824173510212676
265,0.00684354600968625,0.00505369551484523,7.369972625815961E-4,0.004632554221941461,0.9825226363444935
266,0.00684354600968625,0.00505369551484523,7.369972625815961E-4,0.004316698252263634,0.9828384923141714
267,0.00684354600968625,0.00505369551484523,7.369972625815961E-4,0.004211412929037693,0.9829437776373974
268,0.00684354600968625,0.00505369551484523,7.369972625815961E-4,0.00410612760581175,0.9830490629606233
269,0.00684354600968625,0.00505369551484523,7.369972625815961E-4,0.00410612760581175,0.9830490629606233
270,0.00684354600968625,0.00505369551484523,7.369972625815961E-4,0.004000842282585807,0.9831543482838492
271,0.00684354600968625,0.00505369551484523,7.369972625815961E-4,0.004000842282585807,0.9831543482838492
272,0.00684354600968625,0.00505369551484523,7.369972625815961E-4,0.003895556959359865,0.9832596336070751
273,0.00684354600968625,0.00505369551484523,7.369972625815961E-4,0.003895556959359865,0.9832596336070751
274,0.00684354600968625,0.00505369551484523,5.264266161297116E-4,0.004000842282585807,0.9833649189303011
275,0.00684354600968625,0.00505369551484523,5.264266161297116E-4,0.003790271636133923,0.983575489576753
276,0.00684354600968625,0.00505369551484523,5.264266161297116E-4,0.0036849863129079807,0.983680774899979
277,0.00684354600968625,0.00505369551484523,5.264266161297116E-4,0.0036849863129079807,0.983680774899979
278,0.00684354600968625,0.00505369551484523,5.264266161297116E-4,0.0035797009896820385,0.9837860602232049
279,0.00684354600968625,0.00505369551484523,4.211412929037692E-4,0.0033691303432301536,0.9841019161928827
280,0.00684354600968625,0.00505369551484523,3.158559696778269E-4,0.0032638450200042114,0.9843124868393346
281,0.00684354600968625,0.00505369551484523,3.158559696778269E-4,0.0032638450200042114,0.9843124868393346
282,0.00684354600968625,0.00505369551484523,2.105706464518846E-4,0.003158559696778269,0.9845230574857865
283,0.00684354600968625,0.00505369551484523,2.105706464518846E-4,0.003053274373552327,0.9846283428090125
284,0.00684354600968625,0.00505369551484523,2.105706464518846E-4,0.003053274373552327,0.9846283428090125
285,0.00684354600968625,0.00505369551484523,2.105706464518846E-4,0.0029479890503263844,0.9847336281322384
286,0.00684354600968625,0.00505369551484523,2.105706464518846E-4,0.0029479890503263844,0.9847336281322384
287,0.00684354600968625,0.00505369551484523,2.105706464518846E-4,0.0029479890503263844,0.9847336281322384
288,0.00684354600968625,0.00505369551484523,2.105706464518846E-4,0.002842703727100442,0.9848389134554643
289,0.00684354600968625,0.00505369551484523,2.105706464518846E-4,0.0027374184038745,0.9849441987786902
290,0.00684354600968625,0.00505369551484523,2.105706464518846E-4,0.0027374184038745,0.9849441987786902
291,0.00684354600968625,0.00505369551484523,2.105706464518846E-4,0.0026321330806485578,0.9850494841019162
292,0.00684354600968625,0.00505369551484523,2.105706464518846E-4,0.002526847757422615,0.9851547694251421
293,0.00684354600968625,0.00505369551484523,2.105706464518846E-4,0.002421562434196673,0.9852600547483681
294,0.00684354600968625,0.00505369551484523,2.105706464518846E-4,0.002421562434196673,0.9852600547483681
295,0.00684354600968625,0.00505369551484523,2.105706464518846E-4,0.0023162771109707307,0.985365340071594
296,0.00684354600968625,0.00505369551484523,2.105706464518846E-4,0.0023162771109707307,0.985365340071594
297,0.00684354600968625,0.00505369551484523,2.105706464518846E-4,0.0022109917877447885,0.98547062539482
298,0.00684354600968625,0.00505369551484523,2.105706464518846E-4,0.0022109917877447885,0.98547062539482
299,0.00684354600968625,0.00505369551484523,2.105706464518846E-4,0.0020004211412929036,0.9856811960412718
300,0.00684354600968625,0.00505369551484523,2.105706464518846E-4,0.0018951358180669614,0.9857864813644978
301,0.00684354600968625,0.00505369551484523,2.105706464518846E-4,0.0017898504948410192,0.9858917666877237
302,0.00684354600968625,0.00505369551484523,2.105706464518846E-4,0.0016845651716150768,0.9859970520109497
303,0.00684354600968625,0.00505369551484523,2.105706464518846E-4,0.0016845651716150768,0.9859970520109497
304,0.00684354600968625,0.00505369551484523,2.105706464518846E-4,0.0016845651716150768,0.9859970520109497
305,0.00684354600968625,0.00505369551484523,2.105706464518846E-4,0.0015792798483891346,0.9861023373341756
306,0.00684354600968625,0.00505369551484523,2.105706464518846E-4,0.0015792798483891346,0.9861023373341756
307,0.00684354600968625,0.00505369551484523,2.105706464518846E-4,0.0014739945251631922,0.9862076226574016
308,0.00684354600968625,0.00505369551484523,2.105706464518846E-4,0.0014739945251631922,0.9862076226574016
309,0.00684354600968625,0.00505369551484523,2.105706464518846E-4,0.00136870920193725,0.9863129079806275
310,0.00684354600968625,0.00505369551484523,2.105706464518846E-4,0.00136870920193725,0.9863129079806275
311,0.00684354600968625,0.00505369551484523,2.105706464518846E-4,0.00136870920193725,0.9863129079806275
312,0.00684354600968625,0.00505369551484523,2.105706464518846E-4,0.00136870920193725,0.9863129079806275
313,0.00684354600968625,0.00505369551484523,2.105706464518846E-4,0.00136870920193725,0.9863129079806275
314,0.00684354600968625,0.00505369551484523,2.105706464518846E-4,0.0012634238787113076,0.9864181933038535
315,0.00684354600968625,0.00505369551484523,2.105706464518846E-4,0.0012634238787113076,0.9864181933038535
316,0.00684354600968625,0.00505369551484523,2.105706464518846E-4,0.0011581385554853654,0.9865234786270793
317,0.00684354600968625,0.00505369551484523,2.105706464518846E-4,0.0011581385554853654,0.9865234786270793
318,0.00684354600968625,0.00505369551484523,2.105706464518846E-4,0.0011581385554853654,0.9865234786270793
319,0.00684354600968625,0.00505369551484523,2.105706464518846E-4,0.0011581385554853654,0.9865234786270793
320,0.00684354600968625,0.00505369551484523,2.105706464518846E-4,0.0011581385554853654,0.9865234786270793
321,0.00684354600968625,0.00505369551484523,2.105706464518846E-4,0.0011581385554853654,0.9865234786270793
322,0.00684354600968625,0.00505369551484523,2.105706464518846E-4,0.0011581385554853654,0.9865234786270793
323,0.00684354600968625,0.00505369551484523,2.105706464518846E-4,0.0011581385554853654,0.9865234786270793
324,0.00684354600968625,0.00505369551484523,2.105706464518846E-4,0.0011581385554853654,0.9865234786270793
325,0.00684354600968625,0.00505369551484523,2.105706464518846E-4,0.0011581385554853654,0.9865234786270793
326,0.00684354600968625,0.00505369551484523,2.105706464518846E-4,0.0010528532322594231,0.9866287639503053
327,0.00684354600968625,0.00505369551484523,2.105706464518846E-4,0.0010528532322594231,0.9866287639503053
328,0.00684354600968625,0.00505369551484523,2.105706464518846E-4,0.0010528532322594231,0.9866287639503053
329,0.00684354600968625,0.00505369551484523,1.052853232259423E-4,0.0010528532322594231,0.9867340492735313
330,0.00684354600968625,0.00505369551484523,1.052853232259423E-4,0.0010528532322594231,0.9867340492735313
331,0.00684354600968625,0.00505369551484523,1.052853232259423E-4,0.0010528532322594231,0.9867340492735313
332,0.00684354600968625,0.00505369551484523,1.052853232259423E-4,0.0010528532322594231,0.9867340492735313
333,0.00684354600968625,0.00505369551484523,1.052853232259423E-4,9.475679090334807E-4,0.9868393345967572
334,0.00684354600968625,0.00505369551484523,1.052853232259423E-4,9.475679090334807E-4,0.9868393345967572
335,0.00684354600968625,0.00505369551484523,1.052853232259423E-4,9.475679090334807E-4,0.9868393345967572
336,0.00684354600968625,0.00505369551484523,0.0,0.0010528532322594231,0.9868393345967572
337,0.00684354600968625,0.00505369551484523,0.0,0.0010528532322594231,0.9868393345967572
338,0.00684354600968625,0.00505369551484523,0.0,0.0010528532322594231,0.9868393345967572
339,0.00684354600968625,0.00505369551484523,0.0,0.0010528532322594231,0.9868393345967572
340,0.00684354600968625,0.00505369551484523,0.0,0.0010528532322594231,0.9868393345967572
341,0.00684354600968625,0.00505369551484523,0.0,0.0010528532322594231,0.9868393345967572
342,0.00684354600968625,0.00505369551484523,0.0,0.0010528532322594231,0.9868393345967572
343,0.00684354600968625,0.00505369551484523,0.0,0.0010528532322594231,0.9868393345967572
344,0.00684354600968625,0.00505369551484523,0.0,0.0010528532322594231,0.9868393345967572
345,0.00684354600968625,0.00505369551484523,0.0,9.475679090334807E-4,0.9869446199199832
346,0.00684354600968625,0.00505369551484523,0.0,9.475679090334807E-4,0.9869446199199832
347,0.00684354600968625,0.00505369551484523,0.0,9.475679090334807E-4,0.9869446199199832
348,0.00684354600968625,0.00505369551484523,0.0,9.475679090334807E-4,0.9869446199199832
349,0.00684354600968625,0.00505369551484523,0.0,9.475679090334807E-4,0.9869446199199832
350,0.00684354600968625,0.00505369551484523,0.0,8.422825858075384E-4,0.9870499052432091
351,0.00684354600968625,0.00505369551484523,0.0,7.369972625815961E-4,0.9871551905664351
352,0.00684354600968625,0.00505369551484523,0.0,7.369972625815961E-4,0.9871551905664351
353,0.00684354600968625,0.00505369551484523,0.0,6.317119393556538E-4,0.9872604758896609
354,0.00684354600968625,0.00505369551484523,0.0,6.317119393556538E-4,0.9872604758896609
355,0.00684354600968625,0.00505369551484523,0.0,5.264266161297116E-4,0.9873657612128869
356,0.00684354600968625,0.00505369551484523,0.0,5.264266161297116E-4,0.9873657612128869
357,0.00684354600968625,0.00505369551484523,0.0,5.264266161297116E-4,0.9873657612128869
358,0.00684354600968625,0.00505369551484523,0.0,4.211412929037692E-4,0.9874710465361128
359,0.00684354600968625,0.00505369551484523,0.0,3.158559696778269E-4,0.9875763318593388
360,0.00684354600968625,0.00505369551484523,0.0,3.158559696778269E-4,0.9875763318593388
361,0.00684354600968625,0.00505369551484523,0.0,3.158559696778269E-4,0.9875763318593388
362,0.00684354600968625,0.00505369551484523,0.0,2.105706464518846E-4,0.9876816171825648
363,0.00684354600968625,0.00505369551484523,0.0,2.105706464518846E-4,0.9876816171825648
364,0.00684354600968625,0.00505369551484523,0.0,2.105706464518846E-4,0.9876816171825648
365,0.00684354600968625,0.00505369551484523,0.0,2.105706464518846E-4,0.9876816171825648
366,0.00684354600968625,0.00505369551484523,0.0,2.105706464518846E-4,0.9876816171825648
367,0.00684354600968625,0.00505369551484523,0.0,2.105706464518846E-4,0.9876816171825648
368,0.00684354600968625,0.00505369551484523,0.0,2.105706464518846E-4,0.9876816171825648
369,0.00684354600968625,0.00505369551484523,0.0,2.105706464518846E-4,0.9876816171825648
370,0.00684354600968625,0.00505369551484523,0.0,2.105706464518846E-4,0.9876816171825648
371,0.00684354600968625,0.00505369551484523,0.0,2.105706464518846E-4,0.9876816171825648
372,0.00684354600968625,0.00505369551484523,0.0,2.105706464518846E-4,0.9876816171825648
373,0.00684354600968625,0.00505369551484523,0.0,2.105706464518846E-4,0.9876816171825648
374,0.00684354600968625,0.00505369551484523,0.0,2.105706464518846E-4,0.9876816171825648
375,0.00684354600968625,0.00505369551484523,0.0,2.105706464518846E-4,0.9876816171825648
376,0.00684354600968625,0.00505369551484523,0.0,1.052853232259423E-4,0.9877869025057907
377,0.00684354600968625,0.00505369551484523,0.0,1.052853232259423E-4,0.9877869025057907
378,0.00684354600968625,0.00505369551484523,0.0,1.052853232259423E-4,0.9877869025057907
379,0.00684354600968625,0.00505369551484523,0.0,1.052853232259423E-4,0.9877869025057907
380,0.00684354600968625,0.00505369551484523,0.0,1.052853232259423E-4,0.9877869025057907
381,0.00684354600968625,0.00505369551484523,0.0,0.0,0.9878921878290167
382,0.00684354600968625,0.00505369551484523,0.0,0.0,0.9878921878290167
383,0.00684354600968625,0.00505369551484523,0.0,0.0,0.9878921878290167
384,0.00684354600968625,0.00505369551484523,0.0,0.0,0.9878921878290167
385,0.00684354600968625,0.00505369551484523,0.0,0.0,0.9878921878290167
386,0.00684354600968625,0.00505369551484523,0.0,0.0,0.9878921878290167
387,0.00684354600968625,0.00505369551484523,0.0,0.0,0.9878921878290167
388,0.00684354600968625,0.00505369551484523,0.0,0.0,0.9878921878290167
389,0.00684354600968625,0.00505369551484523,0.0,0.0,0.9878921878290167
390,0.00684354600968625,0.00505369551484523,0.0,0.0,0.9878921878290167
391,0.00684354600968625,0.00505369551484523,0.0,0.0,0.9878921878290167
392,0.00684354600968625,0.00505369551484523,0.0,0.0,0.9878921878290167
393,0.00684354600968625,0.00505369551484523,0.0,0.0,0.9878921878290167
394,0.00684354600968625,0.00505369551484523,0.0,0.0,0.9878921878290167
395,0.00684354600968625,0.00505369551484523,0.0,0.0,0.9878921878290167
396,0.00684354600968625,0.00505369551484523,0.0,0.0,0.9878921878290167
397,0.00684354600968625,0.00505369551484523,0.0,0.0,0.9878921878290167
398,0.00684354600968625,0.00505369551484523,0.0,0.0,0.9878921878290167
399,0.00684354600968625,0.00505369551484523,0.0,0.0,0.9878921878290167
400,0.00684354600968625,0.00505369551484523,0.0,0.0,0.9878921878290167
401,0.00684354600968625,0.00505369551484523,0.0,0.0,0.9878921878290167
402,0.00684354600968625,0.00505369551484523,0.0,0.0,0.9878921878290167
403,0.00684354600968625,0.00505369551484523,0.0,0.0,0.9878921878290167
404,0.00684354600968625,0.00505369551484523,0.0,0.0,0.9878921878290167
405,0.00684354600968625,0.00505369551484523,0.0,0.0,0.9878921878290167
406,0.00684354600968625,0.00505369551484523,0.0,0.0,0.9878921878290167
407,0.00684354600968625,0.00505369551484523,0.0,0.0,0.9878921878290167
408,0.00684354600968625,0.00505369551484523,0.0,0.0,0.9878921878290167
409,0.00684354600968625,0.00505369551484523,0.0,0.0,0.9878921878290167
410,0.00684354600968625,0.00505369551484523,0.0,0.0,0.9878921878290167
411,0.00684354600968625,0.00505369551484523,0.0,0.0,0.9878921878290167
412,0.00684354600968625,0.00505369551484523,0.0,0.0,0.9878921878290167
413,0.00684354600968625,0.00505369551484523,0.0,0.0,0.9878921878290167
414,0.00684354600968625,0.00505369551484523,0.0,0.0,0.9878921878290167
415,0.00684354600968625,0.00505369551484523,0.0,0.0,0.9878921878290167
416,0.00684354600968625,0.00505369551484523,0.0,0.0,0.9878921878290167
417,0.00684354600968625,0.00505369551484523,0.0,0.0,0.9878921878290167
418,0.00684354600968625,0.00505369551484523,0.0,0.0,0.9878921878290167
419,0.00684354600968625,0.00505369551484523,0.0,0.0,0.9878921878290167
420,0.00684354600968625,0.00505369551484523,0.0,0.0,0.9878921878290167
421,0.00684354600968625,0.00505369551484523,0.0,0.0,0.9878921878290167
422,0.00684354600968625,0.00505369551484523,0.0,0.0,0.9878921878290167
423,0.00684354600968625,0.00505369551484523,0.0,0.0,0.9878921878290167
424,0.00684354600968625,0.00505369551484523,0.0,0.0,0.9878921878290167
425,0.00684354600968625,0.00505369551484523,0.0,0.0,0.9878921878290167
426,0.00684354600968625,0.00505369551484523,0.0,0.0,0.9878921878290167
427,0.00684354600968625,0.00505369551484523,0.0,0.0,0.9878921878290167
428,0.00684354600968625,0.00505369551484523,0.0,0.0,0.9878921878290167
429,0.00684354600968625,0.00505369551484523,0.0,0.0,0.9878921878290167
430,0.00684354600968625,0.00505369551484523,0.0,0.0,0.9878921878290167
431,0.00684354600968625,0.00505369551484523,0.0,0.0,0.9878921878290167
432,0.00684354600968625,0.00505369551484523,0.0,0.0,0.9878921878290167
433,0.00684354600968625,0.00505369551484523,0.0,0.0,0.9878921878290167
434,0.00684354600968625,0.00505369551484523,0.0,0.0,0.9878921878290167
435,0.00684354600968625,0.00505369551484523,0.0,0.0,0.9878921878290167
436,0.00684354600968625,0.00505369551484523,0.0,-1.052853232259423E-4,0.9879974731522426
437,0.00684354600968625,0.00505369551484523,0.0,-1.052853232259423E-4,0.9879974731522426
438,0.00684354600968625,0.00505369551484523,0.0,-1.052853232259423E-4,0.9879974731522426
439,0.00684354600968625,0.00505369551484523,0.0,-1.052853232259423E-4,0.9879974731522426
440,0.00684354600968625,0.00505369551484523,0.0,-1.052853232259423E-4,0.9879974731522426
441,0.00684354600968625,0.00505369551484523,0.0,-1.052853232259423E-4,0.9879974731522426
442,0.00684354600968625,0.00505369551484523,0.0,-1.052853232259423E-4,0.9879974731522426
443,0.00684354600968625,0.00505369551484523,0.0,-1.052853232259423E-4,0.9879974731522426
444,0.00684354600968625,0.00505369551484523,0.0,-1.052853232259423E-4,0.9879974731522426
445,0.00684354600968625,0.00505369551484523,0.0,-1.052853232259423E-4,0.9879974731522426
446,0.00684354600968625,0.00505369551484523,0.0,-1.052853232259423E-4,0.9879974731522426
447,0.00684354600968625,0.00505369551484523,0.0,-1.052853232259423E-4,0.9879974731522426
448,0.00684354600968625,0.00505369551484523,0.0,-1.052853232259423E-4,0.9879974731522426
449,0.00684354600968625,0.00505369551484523,0.0,-1.052853232259423E-4,0.9879974731522426
450,0.00684354600968625,0.00505369551484523,0.0,-1.052853232259423E-4,0.9879974731522426
451,0.00684354600968625,0.00505369551484523,0.0,-1.052853232259423E-4,0.9879974731522426
452,0.00684354600968625,0.00505369551484523,0.0,-1.052853232259423E-4,0.9879974731522426
453,0.00684354600968625,0.00505369551484523,0.0,-1.052853232259423E-4,0.9879974731522426
454,0.00684354600968625,0.00505369551484523,0.0,-1.052853232259423E-4,0.9879974731522426
455,0.00684354600968625,0.00505369551484523,0.0,-1.052853232259423E-4,0.9879974731522426
456,0.00684354600968625,0.00505369551484523,0.0,-1.052853232259423E-4,0.9879974731522426
457,0.00684354600968625,0.00505369551484523,0.0,-1.052853232259423E-4,0.9879974731522426
458,0.00684354600968625,0.00505369551484523,0.0,-1.052853232259423E-4,0.9879974731522426
459,0.00684354600968625,0.00505369551484523,0.0,-1.052853232259423E-4,0.9879974731522426
460,0.00684354600968625,0.00505369551484523,0.0,-1.052853232259423E-4,0.9879974731522426
461,0.00684354600968625,0.00505369551484523,0.0,-1.052853232259423E-4,0.9879974731522426
462,0.00684354600968625,0.00505369551484523,0.0,-1.052853232259423E-4,0.9879974731522426
463,0.00684354600968625,0.00505369551484523,0.0,-1.052853232259423E-4,0.9879974731522426
464,0.00684354600968625,0.00505369551484523,0.0,-1.052853232259423E-4,0.9879974731522426
465,0.00684354600968625,0.00505369551484523,0.0,-1.052853232259423E-4,0.9879974731522426
466,0.00684354600968625,0.00505369551484523,0.0,-1.052853232259423E-4,0.9879974731522426
467,0.00684354600968625,0.00505369551484523,0.0,-1.052853232259423E-4,0.9879974731522426
468,0.00684354600968625,0.00505369551484523,0.0,-1.052853232259423E-4,0.9879974731522426
469,0.00684354600968625,0.00505369551484523,0.0,-1.052853232259423E-4,0.9879974731522426
470,0.00684354600968625,0.00505369551484523,0.0,-1.052853232259423E-4,0.9879974731522426
471,0.00684354600968625,0.00505369551484523,0.0,-1.052853232259423E-4,0.9879974731522426
472,0.00684354600968625,0.00505369551484523,0.0,-1.052853232259423E-4,0.9879974731522426
473,0.00684354600968625,0.00505369551484523,0.0,-1.052853232259423E-4,0.9879974731522426
474,0.00684354600968625,0.00505369551484523,0.0,-1.052853232259423E-4,0.9879974731522426
475,0.00684354600968625,0.00505369551484523,0.0,-1.052853232259423E-4,0.9879974731522426
476,0.00684354600968625,0.00505369551484523,0.0,-1.052853232259423E-4,0.9879974731522426
477,0.00684354600968625,0.00505369551484523,0.0,-1.052853232259423E-4,0.9879974731522426
478,0.00684354600968625,0.00505369551484523,0.0,-1.052853232259423E-4,0.9879974731522426
479,0.00684354600968625,0.00505369551484523,0.0,-1.052853232259423E-4,0.9879974731522426
480,0.00684354600968625,0.00505369551484523,0.0,-1.052853232259423E-4,0.9879974731522426
481,0.00684354600968625,0.00505369551484523,0.0,-1.052853232259423E-4,0.9879974731522426
482,0.00684354600968625,0.00505369551484523,0.0,-1.052853232259423E-4,0.9879974731522426
483,0.00684354600968625,0.00505369551484523,0.0,-1.052853232259423E-4,0.9879974731522426
484,0.00684354600968625,0.00505369551484523,0.0,-1.052853232259423E-4,0.9879974731522426
485,0.00684354600968625,0.00505369551484523,0.0,-1.052853232259423E-4,0.9879974731522426
486,0.00684354600968625,0.00505369551484523,0.0,-1.052853232259423E-4,0.9879974731522426
487,0.00684354600968625,0.00505369551484523,0.0,-1.052853232259423E-4,0.9879974731522426
488,0.00684354600968625,0.00505369551484523,0.0,-1.052853232259423E-4,0.9879974731522426
489,0.00684354600968625,0.00505369551484523,0.0,-1.052853232259423E-4,0.9879974731522426
490,0.00684354600968625,0.00505369551484523,0.0,-1.052853232259423E-4,0.9879974731522426
491,0.00684354600968625,0.00505369551484523,0.0,-1.052853232259423E-4,0.9879974731522426
492,0.00684354600968625,0.00505369551484523,0.0,-1.052853232259423E-4,0.9879974731522426
493,0.00684354600968625,0.00505369551484523,0.0,-1.052853232259423E-4,0.9879974731522426
494,0.00684354600968625,0.00505369551484523,0.0,-1.052853232259423E-4,0.9879974731522426
495,0.00684354600968625,0.00505369551484523,0.0,-1.052853232259423E-4,0.9879974731522426
496,0.00684354600968625,0.00505369551484523,0.0,-1.052853232259423E-4,0.9879974731522426
497,0.00684354600968625,0.00505369551484523,0.0,-1.052853232259423E-4,0.9879974731522426
498,0.00684354600968625,0.00505369551484523,0.0,-1.052853232259423E-4,0.9879974731522426
499,0.00684354600968625,0.00505369551484523,0.0,-1.052853232259423E-4,0.9879974731522426
