0,0.695,0.3,0,0.005,0
1,0.5787534217730048,0.2710044219835755,0.11391871973046958,0.03548115392714256,6.317119393556538E-4
2,0.4500947567909033,0.23404927353126975,0.2381554011370815,0.0746472941671931,0.002842703727100442
3,0.3307012002526848,0.19256685618024846,0.3501789850494841,0.11970941250789639,0.0066329753632343655
4,0.2523689197725837,0.15982312065698043,0.41871973046957256,0.1572962728995578,0.011581385554853654
5,0.20056854074542008,0.1351863550221099,0.45757001473994524,0.18825015792798483,0.018214360918088018
6,0.16234996841440302,0.11591914087176247,0.4833649189303011,0.2120446409770478,0.02611076016003369
7,0.13771320277953253,0.10170562223626027,0.4947357338387029,0.23131185512739524,0.03432301537165719
8,0.12181511897241525,0.08991366603495472,0.49821014950515896,0.24826279216677194,0.04158770267424721
9,0.10749631501368709,0.08149084017687934,0.49884186144451464,0.26194988418614445,0.050010528532322594
10,0.09854706253948199,0.0746472941671931,0.490840176879343,0.2778479679932617,0.057906927774268264
11,0.08928195409559907,0.0684354600968625,0.4838913455464308,0.29058749210360074,0.06759317751105495
12,0.08328069067172036,0.06148662876395031,0.47652137292061486,0.302905874921036,0.07559486207622658
13,0.07738471257106759,0.057591071804590444,0.4680985470625395,0.3110128448094336,0.08570225310591703
14,0.07212044640977047,0.053800800168456515,0.45788587070962306,0.31901452937460517,0.09696778269109287
15,0.06833017477363655,0.050431669825226365,0.44630448515476945,0.3270162139397768,0.10770688566013897
16,0.0634870499052432,0.04685196883554432,0.4390397978521794,0.33154348283849233,0.11886712992208887
17,0.059065066329753634,0.044430406401347655,0.43188039587281535,0.33638660770688567,0.12802695304274583
18,0.056432933249105074,0.04148241735102127,0.42208886081280267,0.3404927353126974,0.13929248262792165
19,0.05348494419877869,0.03958728153295431,0.4116656138134344,0.3438618656559276,0.15118972415245316
20,0.05053695514845231,0.03821857233101705,0.4005053695514845,0.34796799326173933,0.1625605390608549
21,0.04801010739102969,0.036428721836176035,0.38987155190566436,0.35081069698883977,0.17466835123183827
22,0.04611497157296273,0.0348494419877869,0.3802905874921036,0.35417982733206993,0.18435460096862497
23,0.04390397978521794,0.033796588755527476,0.3707096230785428,0.35544325121078124,0.19593598652347863
24,0.04274584122973257,0.03253316487681617,0.36102337334175616,0.3566013897662666,0.20688566013897663
25,0.0410612760581175,0.030848599705201096,0.3496525584333544,0.36049694672562643,0.21773004843124869
26,0.039903137502632136,0.02884817856390819,0.3392293114339861,0.36302379448304906,0.22878500736997262
27,0.03811328700779111,0.028111181301326595,0.33059591492945883,0.36228679722046747,0.2406822488945041
28,0.036849863129079806,0.02705832806906717,0.3224889450410613,0.36197094125078966,0.25142135186355025
29,0.035691724573594444,0.026216045483259634,0.313855548536534,0.36039166140240053,0.26363444935775954
30,0.034954727311012845,0.025268477574226154,0.30522215203200675,0.3586018109075595,0.27574226152874287
31,0.034112444725205304,0.02474205095809644,0.2966940408507054,0.35712781638239627,0.2871130764371447
32,0.03327016213939777,0.02421562434196673,0.2874289324068225,0.3582859549378817,0.2965887555274795
33,0.032217308907138344,0.023583912402611075,0.2801642451042325,0.3569172457359444,0.30690671720362184
34,0.03137502632133081,0.02242577384712571,0.2725837018319646,0.355864392503685,0.317540534849442
35,0.030427458412297326,0.022004632554221942,0.26395030532743735,0.3546009686249737,0.3288060644346178
36,0.030006317119393555,0.021267635291640344,0.25668561802484735,0.35260054748368075,0.3392293114339861
37,0.02884817856390819,0.021057064645188462,0.2510002105706465,0.35060012634238785,0.34828384923141714
38,0.028427037271004423,0.02063592335228469,0.2436302379448305,0.3481785639081912,0.3589176668772373
39,0.027690040008422828,0.02021478205938092,0.2374184038744999,0.34554643082754266,0.36891977258370184
40,0.02695304274584123,0.01958307012002527,0.2306801431880396,0.3452305748578648,0.3773425984417772
41,0.02642661612971152,0.018951358180669616,0.22320488523899767,0.3432301537165719,0.38797641608759736
42,0.025900189513581806,0.018635502210991788,0.21520320067382606,0.3421773004843125,0.39787323647083594
43,0.02547904822067804,0.01831964624131396,0.20793851337123606,0.34059802063592337,0.4074542008843967
44,0.02474205095809644,0.018109075594862075,0.20193724994735734,0.34059802063592337,0.4144030322173089
45,0.024426194988418616,0.017582648978732365,0.1968835544325121,0.3369130343230154,0.42398399663086966
46,0.024005053695514846,0.017477363655506423,0.19172457359444092,0.3319646241313961,0.43461781427668983
47,0.02326805643293325,0.017161507685828595,0.18677616340282166,0.3275426405559065,0.44504106127605814
48,0.022952200463255423,0.01695093703937671,0.18267003579700988,0.3242787955359023,0.45293746051800376
49,0.022636344493577595,0.016740366392924828,0.17740576963571278,0.3192251000210571,0.46378184881027584
50,0.022215203200673828,0.016108654453569172,0.1717203621815119,0.3169088229100863,0.4728363866077069
51,0.021899347230996,0.01558222783743946,0.16782480522215204,0.31343440724363025,0.4810486418193304
52,0.021583491261318172,0.015161086544535692,0.16234996841440302,0.3110128448094336,0.48968203832385765
53,0.02147820593809223,0.014950515898083806,0.15740155822278373,0.30648557591071807,0.4994735733838703
54,0.02147820593809223,0.01463465992840598,0.15245314803116444,0.3023794483049063,0.5088439671509791
55,0.021162349968414405,0.014213518635502211,0.14824173510212676,0.2989050326384502,0.5172667930090545
56,0.02095177932196252,0.014108233312276269,0.14381975152663717,0.2943777637397347,0.5265319014529375
57,0.020741208675510634,0.014002947989050326,0.1408717624763108,0.2886923562855338,0.5354811539271426
58,0.02053063802905875,0.013897662665824383,0.1361339229311434,0.2851126552958518,0.5441145504316698
59,0.020320067382606864,0.013792377342598442,0.1326595072646873,0.28332280480101074,0.5496946725626448
60,0.02000421141292904,0.013581806696146557,0.12918509159823122,0.2802695304274584,0.5567487892187829
61,0.01968835544325121,0.013476521372920615,0.12613181722467887,0.27711097073068014,0.5633817645820173
62,0.01958307012002527,0.013265950726468731,0.12160454832596336,0.2750052642661613,0.5703305959149294
63,0.019477784796799326,0.013160665403242788,0.11823541798273321,0.2716361339229311,0.5772794272478416
64,0.019372499473573383,0.012950094756790903,0.11476100231627712,0.2677405769635713,0.5849652558433355
65,0.019161928827121498,0.012950094756790903,0.11097073068014318,0.2633185933880817,0.5933880817014108
66,0.019161928827121498,0.01273952411033902,0.10823331227626869,0.2595283217519478,0.6001263423878711
67,0.018846072857443674,0.012528953463887134,0.10570646451884608,0.2552116234996841,0.6074963150136871
68,0.018530216887765846,0.012107812170983365,0.10286376079174563,0.25373762897452096,0.6125500105285323
69,0.018530216887765846,0.012002526847757423,0.0998104864181933,0.25121078121709833,0.6182354179827332
70,0.018424931564539903,0.011686670878079595,0.09644135607496315,0.2488945041061276,0.6243419667298379
71,0.018424931564539903,0.011686670878079595,0.09328279637818489,0.2451042324699937,0.63129079806275
72,0.018214360918088018,0.011581385554853654,0.09191408717624763,0.24173510212676352,0.6363444935775953
73,0.018214360918088018,0.011476100231627711,0.08854495683301748,0.23857654242998527,0.6429774689408296
74,0.018214360918088018,0.011370814908401769,0.08591282375236892,0.23436512950094757,0.6499263002737419
75,0.018003790271636132,0.011370814908401769,0.08296483470204254,0.23152242577384713,0.6559275636976205
76,0.017898504948410193,0.011370814908401769,0.08001684565171616,0.22794272478416508,0.6625605390608549
77,0.017687934301958308,0.011370814908401769,0.0779111391871973,0.2249947357338387,0.667824805222152
78,0.017582648978732365,0.011370814908401769,0.07622657401558222,0.21994104021899347,0.6746683512318383
79,0.01737207833228048,0.011370814908401769,0.07412086755106338,0.2162560539060855,0.680669614655717
80,0.017161507685828595,0.011160244261949883,0.07306801431880396,0.21236049694672562,0.6860391661402401
81,0.017056222362602652,0.011160244261949883,0.071172878500737,0.20846493998736576,0.6919351442408929
82,0.017056222362602652,0.011160244261949883,0.06917245735944409,0.2050958096441356,0.6973046957254159
83,0.016740366392924828,0.011054958938723942,0.06727732154137714,0.20267424720993893,0.7020425352705832
84,0.016635081069698885,0.011054958938723942,0.06590861233943988,0.19751526637186775,0.7086755106338176
85,0.016529795746472942,0.010949673615498,0.0642240471678248,0.19467256264476732,0.713413350178985
86,0.016529795746472942,0.010844388292272057,0.06285533796588756,0.191619288271215,0.7179406190777006
87,0.016319225100021057,0.010844388292272057,0.06074963150136871,0.18919772583701833,0.722678458622868
88,0.016319225100021057,0.010739102969046115,0.058749210360075806,0.186144451463466,0.7278374394609392
89,0.016213939776795114,0.010528532322594231,0.05716993051168667,0.18277532112023584,0.7331017056222363
90,0.016213939776795114,0.010317961676142346,0.05506422404716783,0.18119604127184671,0.7369972625815961
91,0.016108654453569172,0.010317961676142346,0.053379658875552745,0.17761634028216466,0.7423668140661192
92,0.015898083807117287,0.010317961676142346,0.05222152032006738,0.17445778058538638,0.7468940829648347
93,0.015792798483891344,0.010317961676142346,0.05053695514845231,0.17182564750473783,0.7513160665403242
94,0.015792798483891344,0.010317961676142346,0.048536534007159404,0.16971994104021898,0.755422194146136
95,0.015792798483891344,0.010212676352916403,0.04716782480522215,0.1669825226363445,0.7596336070751737
96,0.015792798483891344,0.01010739102969046,0.04611497157296273,0.16382396293956622,0.7639503053274374
97,0.015792798483891344,0.01010739102969046,0.044640977047799534,0.16171825647504737,0.7675300063171194
98,0.015687513160665405,0.01000210570646452,0.043272267845862286,0.15919140871762477,0.7716361339229312
99,0.015687513160665405,0.01000210570646452,0.04221941461360287,0.15519056643503895,0.7766898294377764
100,0.01547694251421352,0.01000210570646452,0.04127184670456938,0.15297957464729417,0.7800589597810065
101,0.015371657190987577,0.01000210570646452,0.039060854916824594,0.15097915350600127,0.7843756580332701
102,0.015371657190987577,0.009896820383238577,0.03842914297746894,0.1470835965466414,0.7890082122552117
103,0.015371657190987577,0.009791535060012634,0.03769214571488735,0.14518846072857444,0.7917456306590861
104,0.015266371867761634,0.009791535060012634,0.036849863129079806,0.142345757001474,0.7955359022952201
105,0.015266371867761634,0.009791535060012634,0.035797009896820386,0.1401347652137292,0.7987997473152243
106,0.015266371867761634,0.009791535060012634,0.0348494419877869,0.13697620551695094,0.802905874921036
107,0.015266371867761634,0.009686249736786692,0.033480732785849655,0.1351863550221099,0.8061697199410403
108,0.015266371867761634,0.009686249736786692,0.03200673826068646,0.13223836597178354,0.8105917035165298
109,0.015161086544535692,0.009370393767108865,0.03126974099810487,0.13055380080016846,0.8134344072436303
110,0.015161086544535692,0.009370393767108865,0.03021688776584544,0.1281322383659718,0.8169088229100864
111,0.015055801221309749,0.009265108443882923,0.029374605180037903,0.12550010528532324,0.8205938092229943
112,0.014950515898083806,0.009265108443882923,0.028953463887134132,0.12265740155822279,0.8239629395662245
113,0.014950515898083806,0.009265108443882923,0.027795325331648767,0.12034112444725205,0.8274373552326806
114,0.014845230574857865,0.00915982312065698,0.027479469361970942,0.11928827121499264,0.8290166350810697
115,0.014739945251631923,0.009054537797431038,0.026531901452937462,0.11686670878079596,0.8325963360707518
116,0.014739945251631923,0.008949252474205097,0.02568961886712992,0.11486628763950306,0.8355443251210781
117,0.01463465992840598,0.008949252474205097,0.02516319225100021,0.11297115182143609,0.8380711728785007
118,0.01463465992840598,0.008949252474205097,0.02421562434196673,0.11181301326595072,0.8401768793430195
119,0.01463465992840598,0.008949252474205097,0.02337334175615919,0.10823331227626869,0.8445988629185092
120,0.01463465992840598,0.008949252474205097,0.022952200463255423,0.10633817645820173,0.8469151400294799
121,0.01463465992840598,0.008949252474205097,0.022109917877447885,0.10360075805432722,0.850494841019162
122,0.01463465992840598,0.008949252474205097,0.021688776584544114,0.1005474836807749,0.8539692566856181
123,0.014529374605180037,0.008949252474205097,0.020846493998736577,0.09802063592335228,0.8574436723520741
124,0.014529374605180037,0.008949252474205097,0.02000421141292904,0.09612550010528532,0.8601810907559486
125,0.014424089281954095,0.008843967150979154,0.01958307012002527,0.09391450831754053,0.8630237944830491
126,0.014424089281954095,0.008843967150979154,0.019056643503895555,0.09065066329753632,0.866814066119183
127,0.014318803958728154,0.008843967150979154,0.018530216887765846,0.08886081280269531,0.8692356285533797
128,0.014318803958728154,0.008843967150979154,0.01779321962518425,0.08675510633817646,0.8720783322804802
129,0.014318803958728154,0.008843967150979154,0.017161507685828595,0.08580753842914297,0.8736576121288693
130,0.014318803958728154,0.008843967150979154,0.016108654453569172,0.08370183196462413,0.8768161718256475
131,0.014318803958728154,0.008738681827753211,0.015792798483891344,0.08233312276268688,0.8786060223204886
132,0.014318803958728154,0.008738681827753211,0.015266371867761634,0.0806485575910718,0.8808170141082333
133,0.014213518635502211,0.008738681827753211,0.014845230574857865,0.07906927774268267,0.8829227205727521
134,0.014108233312276269,0.008738681827753211,0.014529374605180037,0.07748999789429353,0.8849231417140451
135,0.014108233312276269,0.008738681827753211,0.014002947989050326,0.07706885660138976,0.8858707096230786
136,0.014108233312276269,0.008633396504527269,0.013792377342598442,0.07601600336913035,0.8872394188250158
137,0.014108233312276269,0.008633396504527269,0.013581806696146557,0.07348915561170773,0.8899768372288903
138,0.014108233312276269,0.008633396504527269,0.013371236049694672,0.07222573173299641,0.8914508317540535
139,0.014108233312276269,0.008633396504527269,0.013265950726468731,0.07096230785428512,0.8928195409559907
140,0.014108233312276269,0.008633396504527269,0.01284480943356496,0.07001473994525163,0.894188250157928
141,0.014108233312276269,0.008528111181301326,0.012213097494209308,0.06906717203621815,0.8958728153295431
142,0.014108233312276269,0.008528111181301326,0.011686670878079595,0.0676984628342809,0.89776795114761
143,0.014108233312276269,0.008528111181301326,0.011476100231627711,0.06664560960202148,0.8990313750263214
144,0.014108233312276269,0.008528111181301326,0.011160244261949883,0.065698041692988,0.9002947989050326
145,0.014108233312276269,0.008528111181301326,0.011160244261949883,0.06401347652137292,0.9019793640766477
146,0.014108233312276269,0.008528111181301326,0.010949673615498,0.06232891134975784,0.9038744998947147
147,0.014108233312276269,0.008528111181301326,0.010739102969046115,0.060539060854916824,0.9058749210360075
148,0.014108233312276269,0.008528111181301326,0.010633817645820172,0.05864392503684986,0.9078753421773005
149,0.014108233312276269,0.008528111181301326,0.01010739102969046,0.05801221309749421,0.9090334807327859
150,0.014108233312276269,0.008528111181301326,0.009580964413560749,0.057275215834912616,0.9102969046114971
151,0.014108233312276269,0.008528111181301326,0.009475679090334808,0.055695935986523476,0.9119814697831122
152,0.014108233312276269,0.008528111181301326,0.009265108443882923,0.054537797431038114,0.9133501789850494
153,0.014108233312276269,0.008528111181301326,0.008843967150979154,0.0532743735523268,0.9150347441566645
154,0.014108233312276269,0.008528111181301326,0.008738681827753211,0.05243209096651927,0.915982312065698
155,0.014108233312276269,0.008528111181301326,0.008633396504527269,0.05169509370393767,0.9168245946515056
156,0.014108233312276269,0.008528111181301326,0.008422825858075385,0.0512739524110339,0.9174563065908612
157,0.014108233312276269,0.008528111181301326,0.0082122552116235,0.049694672562644766,0.9192461570857022
158,0.014108233312276269,0.008528111181301326,0.0082122552116235,0.04885238997683723,0.9200884396715098
159,0.014108233312276269,0.008528111181301326,0.008106969888397557,0.04769425142135186,0.9213518635502211
160,0.014108233312276269,0.008528111181301326,0.007685828595493788,0.04674668351231838,0.9227205727521584
161,0.014108233312276269,0.008528111181301326,0.007159401979364077,0.045904400926510845,0.9240892819540956
162,0.014108233312276269,0.008528111181301326,0.006948831332912192,0.0445356917245736,0.9256685618024847
163,0.014108233312276269,0.008528111181301326,0.006948831332912192,0.04348283849231417,0.9267214150347441
164,0.014108233312276269,0.008528111181301326,0.00684354600968625,0.04221941461360287,0.9280901242366814
165,0.014108233312276269,0.008528111181301326,0.0066329753632343655,0.04200884396715098,0.9285112655295852
166,0.014108233312276269,0.008528111181301326,0.00642240471678248,0.041377132027795326,0.9293535481153927
167,0.014108233312276269,0.008528111181301326,0.006317119393556538,0.040218993472309957,0.930616971994104
168,0.014108233312276269,0.008422825858075385,0.006211834070330596,0.03937671088650242,0.9316698252263634
169,0.014108233312276269,0.008422825858075385,0.005685407454200884,0.038744998947146767,0.9328279637818488
170,0.014108233312276269,0.008422825858075385,0.005580122130974942,0.03769214571488735,0.9339861023373341
171,0.014108233312276269,0.008422825858075385,0.005580122130974942,0.03706043377553169,0.9346178142766899
172,0.014108233312276269,0.008422825858075385,0.0052642661612971155,0.03653400715940198,0.9354600968624973
173,0.014108233312276269,0.008422825858075385,0.00505369551484523,0.035375868603916616,0.9368288060644346
174,0.014108233312276269,0.008422825858075385,0.0049484101916192885,0.034533586018109075,0.9377763739734681
175,0.014108233312276269,0.008422825858075385,0.004737839545167404,0.033480732785849655,0.9390397978521794
176,0.014108233312276269,0.008422825858075385,0.004737839545167404,0.0321120235839124,0.9404085070541166
177,0.014108233312276269,0.008422825858075385,0.004632554221941461,0.031059170351652978,0.941566645609602
178,0.014108233312276269,0.008422825858075385,0.004632554221941461,0.030322173089071383,0.9423036428721836
179,0.013897662665824383,0.008422825858075385,0.004737839545167404,0.030111602442619498,0.9426194988418615
180,0.013897662665824383,0.008422825858075385,0.004737839545167404,0.029374605180037903,0.943356496104443
181,0.013897662665824383,0.008422825858075385,0.004737839545167404,0.02832175194777848,0.9444093493367025
182,0.013897662665824383,0.008422825858075385,0.004737839545167404,0.02790061065487471,0.9448304906296062
183,0.013897662665824383,0.008422825858075385,0.004421983575489577,0.027795325331648767,0.94525163192251
184,0.013897662665824383,0.008422825858075385,0.004316698252263634,0.027374184038745,0.9457780585386397
185,0.013897662665824383,0.008422825858075385,0.004316698252263634,0.0266371867761634,0.9465150558012213
186,0.013897662665824383,0.008422825858075385,0.004316698252263634,0.025900189513581806,0.9472520530638029
187,0.013897662665824383,0.008422825858075385,0.004000842282585807,0.025900189513581806,0.9475679090334808
188,0.013897662665824383,0.008422825858075385,0.004000842282585807,0.02547904822067804,0.9479890503263845
189,0.013897662665824383,0.008422825858075385,0.004000842282585807,0.024426194988418616,0.9490419035586439
190,0.013897662665824383,0.008422825858075385,0.003895556959359865,0.024110339018740788,0.9494630448515476
191,0.013897662665824383,0.008422825858075385,0.003895556959359865,0.023478627079385132,0.9500947567909034
192,0.013897662665824383,0.008422825858075385,0.0036849863129079807,0.022531059170351652,0.9512528953463887
193,0.013897662665824383,0.008422825858075385,0.0036849863129079807,0.021794061907770057,0.9519898926089703
194,0.013897662665824383,0.008422825858075385,0.0035797009896820385,0.021583491261318172,0.9523057485786481
195,0.013897662665824383,0.008422825858075385,0.0033691303432301536,0.021372920614866286,0.9527268898715519
196,0.013792377342598442,0.008422825858075385,0.0033691303432301536,0.021057064645188462,0.9531480311644557
197,0.013792377342598442,0.008422825858075385,0.003158559696778269,0.020741208675510634,0.9536744577805853
198,0.013792377342598442,0.008422825858075385,0.003158559696778269,0.020320067382606864,0.9540955990734892
199,0.013792377342598442,0.008422825858075385,0.003053274373552327,0.020320067382606864,0.9542008843967151
200,0.013792377342598442,0.008422825858075385,0.002842703727100442,0.01968835544325121,0.9550431669825227
201,0.013792377342598442,0.008422825858075385,0.002842703727100442,0.01958307012002527,0.9551484523057486
202,0.013792377342598442,0.008422825858075385,0.0027374184038745,0.018635502210991788,0.956201305538008
203,0.013792377342598442,0.008422825858075385,0.0027374184038745,0.018003790271636132,0.9568330174773636
204,0.013792377342598442,0.008422825858075385,0.0026321330806485578,0.017687934301958308,0.9572541587702674
205,0.013792377342598442,0.008422825858075385,0.0026321330806485578,0.01737207833228048,0.9575700147399453
206,0.013792377342598442,0.008317540534849443,0.0026321330806485578,0.016740366392924828,0.9583070120025269
207,0.013792377342598442,0.008317540534849443,0.002526847757422615,0.016424510423247,0.9587281532954306
208,0.013792377342598442,0.008317540534849443,0.002526847757422615,0.016213939776795114,0.9589387239418825
209,0.013792377342598442,0.008317540534849443,0.002526847757422615,0.015792798483891344,0.9593598652347862
210,0.013792377342598442,0.008317540534849443,0.002526847757422615,0.015266371867761634,0.959886291850916
211,0.013792377342598442,0.008317540534849443,0.002526847757422615,0.014950515898083806,0.9602021478205938
212,0.013792377342598442,0.008317540534849443,0.002526847757422615,0.01463465992840598,0.9605180037902716
213,0.013792377342598442,0.008317540534849443,0.0023162771109707307,0.01463465992840598,0.9607285744367235
214,0.013792377342598442,0.008317540534849443,0.0022109917877447885,0.01463465992840598,0.9608338597599495
215,0.013792377342598442,0.008317540534849443,0.0022109917877447885,0.014002947989050326,0.9614655716993051
216,0.013792377342598442,0.008317540534849443,0.0021057064645188463,0.0136870920193725,0.9618867129922088
217,0.013792377342598442,0.008317540534849443,0.0020004211412929036,0.013160665403242788,0.9625184249315646
218,0.013792377342598442,0.008317540534849443,0.0020004211412929036,0.012950094756790903,0.9627289955780164
219,0.0136870920193725,0.008317540534849443,0.0017898504948410192,0.012950094756790903,0.9630448515476943
220,0.0136870920193725,0.008317540534849443,0.0017898504948410192,0.012528953463887134,0.963465992840598
221,0.0136870920193725,0.008317540534849443,0.0017898504948410192,0.012318382817435249,0.9636765634870499
222,0.0136870920193725,0.008317540534849443,0.0017898504948410192,0.012107812170983365,0.9638871341335018
223,0.0136870920193725,0.008317540534849443,0.0017898504948410192,0.011791956201305537,0.9642029901031797
224,0.0136870920193725,0.008317540534849443,0.0017898504948410192,0.011476100231627711,0.9645188460728574
225,0.0136870920193725,0.008317540534849443,0.0016845651716150768,0.011160244261949883,0.9649399873657613
226,0.0136870920193725,0.008317540534849443,0.0016845651716150768,0.010949673615498,0.9651505580122131
227,0.0136870920193725,0.008317540534849443,0.0015792798483891346,0.010844388292272057,0.965361128658665
228,0.0136870920193725,0.008317540534849443,0.0014739945251631922,0.010949673615498,0.965361128658665
229,0.0136870920193725,0.008317540534849443,0.0014739945251631922,0.010633817645820172,0.9656769846283428
230,0.0136870920193725,0.008317540534849443,0.0014739945251631922,0.010528532322594231,0.9657822699515688
231,0.0136870920193725,0.008317540534849443,0.0014739945251631922,0.009896820383238577,0.9664139818909244
232,0.0136870920193725,0.008317540534849443,0.0014739945251631922,0.009475679090334808,0.9668351231838281
233,0.0136870920193725,0.008317540534849443,0.00136870920193725,0.00915982312065698,0.967256264476732
234,0.0136870920193725,0.008317540534849443,0.0012634238787113076,0.008949252474205097,0.9675721204464097
235,0.0136870920193725,0.008317540534849443,0.0012634238787113076,0.008633396504527269,0.9678879764160876
236,0.0136870920193725,0.008317540534849443,0.0011581385554853654,0.0082122552116235,0.9684144030322173
237,0.0136870920193725,0.008317540534849443,0.0010528532322594231,0.008001684565171615,0.9687302590018951
238,0.0136870920193725,0.008317540534849443,0.0010528532322594231,0.007580543272267846,0.969151400294799
239,0.0136870920193725,0.008317540534849443,0.0010528532322594231,0.007475257949041903,0.9692566856180248
240,0.0136870920193725,0.008317540534849443,0.0010528532322594231,0.007264687302590019,0.9694672562644767
241,0.0136870920193725,0.008317540534849443,0.0010528532322594231,0.00684354600968625,0.9698883975573805
242,0.0136870920193725,0.008317540534849443,0.0010528532322594231,0.0066329753632343655,0.9700989682038323
243,0.0136870920193725,0.008317540534849443,9.475679090334807E-4,0.00642240471678248,0.9704148241735102
244,0.0136870920193725,0.008317540534849443,9.475679090334807E-4,0.00642240471678248,0.9704148241735102
245,0.0136870920193725,0.008317540534849443,8.422825858075384E-4,0.00642240471678248,0.9705201094967362
246,0.0136870920193725,0.008317540534849443,8.422825858075384E-4,0.00642240471678248,0.9705201094967362
247,0.0136870920193725,0.008317540534849443,7.369972625815961E-4,0.006527690040008423,0.9705201094967362
248,0.0136870920193725,0.008317540534849443,7.369972625815961E-4,0.006317119393556538,0.9707306801431881
249,0.0136870920193725,0.008317540534849443,6.317119393556538E-4,0.006317119393556538,0.9708359654664139
250,0.0136870920193725,0.008317540534849443,6.317119393556538E-4,0.006317119393556538,0.9708359654664139
251,0.0136870920193725,0.008317540534849443,6.317119393556538E-4,0.006211834070330596,0.9709412507896399
252,0.0136870920193725,0.008317540534849443,6.317119393556538E-4,0.006106548747104654,0.9710465361128658
253,0.0136870920193725,0.008317540534849443,6.317119393556538E-4,0.006001263423878711,0.9711518214360918
254,0.0136870920193725,0.008317540534849443,6.317119393556538E-4,0.006001263423878711,0.9711518214360918
255,0.0136870920193725,0.008317540534849443,6.317119393556538E-4,0.006001263423878711,0.9711518214360918
256,0.0136870920193725,0.008317540534849443,6.317119393556538E-4,0.006001263423878711,0.9711518214360918
257,0.0136870920193725,0.008317540534849443,6.317119393556538E-4,0.005790692777426827,0.9713623920825437
258,0.0136870920193725,0.008317540534849443,5.264266161297116E-4,0.005790692777426827,0.9714676774057697
259,0.0136870920193725,0.008317540534849443,4.211412929037692E-4,0.005790692777426827,0.9715729627289956
260,0.0136870920193725,0.008317540534849443,4.211412929037692E-4,0.005790692777426827,0.9715729627289956
261,0.0136870920193725,0.008317540534849443,3.158559696778269E-4,0.005895978100652769,0.9715729627289956
262,0.0136870920193725,0.008317540534849443,3.158559696778269E-4,0.005895978100652769,0.9715729627289956
263,0.0136870920193725,0.008317540534849443,3.158559696778269E-4,0.005685407454200884,0.9717835333754474
264,0.0136870920193725,0.008317540534849443,3.158559696778269E-4,0.005580122130974942,0.9718888186986734
265,0.0136870920193725,0.008317540534849443,3.158559696778269E-4,0.005474836807749,0.9719941040218993
266,0.0136870920193725,0.008317540534849443,3.158559696778269E-4,0.005158980838071173,0.9723099599915772
267,0.0136870920193725,0.008317540534849443,3.158559696778269E-4,0.00505369551484523,0.9724152453148032
268,0.0136870920193725,0.008317540534849443,3.158559696778269E-4,0.00505369551484523,0.9724152453148032
269,0.0136870920193725,0.008317540534849443,3.158559696778269E-4,0.00505369551484523,0.9724152453148032
270,0.0136870920193725,0.008317540534849443,3.158559696778269E-4,0.0049484101916192885,0.972520530638029
271,0.0136870920193725,0.008317540534849443,3.158559696778269E-4,0.004737839545167404,0.9727311012844809
272,0.0136870920193725,0.008317540534849443,3.158559696778269E-4,0.004632554221941461,0.9728363866077069
273,0.0136870920193725,0.0082122552116235,3.158559696778269E-4,0.004632554221941461,0.9729416719309328
274,0.0136870920193725,0.0082122552116235,3.158559696778269E-4,0.004632554221941461,0.9729416719309328
275,0.0136870920193725,0.0082122552116235,3.158559696778269E-4,0.004632554221941461,0.9729416719309328
276,0.0136870920193725,0.0082122552116235,3.158559696778269E-4,0.004632554221941461,0.9729416719309328
277,0.0136870920193725,0.0082122552116235,3.158559696778269E-4,0.004527268898715519,0.9730469572541588
278,0.0136870920193725,0.0082122552116235,3.158559696778269E-4,0.004527268898715519,0.9730469572541588
279,0.0136870920193725,0.0082122552116235,3.158559696778269E-4,0.004527268898715519,0.9730469572541588
280,0.0136870920193725,0.0082122552116235,3.158559696778269E-4,0.00410612760581175,0.9734680985470625
281,0.0136870920193725,0.0082122552116235,2.105706464518846E-4,0.004000842282585807,0.9736786691935144
282,0.0136870920193725,0.0082122552116235,2.105706464518846E-4,0.003790271636133923,0.9738892398399663
283,0.0136870920193725,0.0082122552116235,2.105706464518846E-4,0.0036849863129079807,0.9739945251631923
284,0.0136870920193725,0.0082122552116235,2.105706464518846E-4,0.0036849863129079807,0.9739945251631923
285,0.0136870920193725,0.0082122552116235,2.105706464518846E-4,0.0036849863129079807,0.9739945251631923
286,0.0136870920193725,0.0082122552116235,2.105706464518846E-4,0.0036849863129079807,0.9739945251631923
287,0.0136870920193725,0.0082122552116235,1.052853232259423E-4,0.0035797009896820385,0.9742050958096441
288,0.0136870920193725,0.0082122552116235,1.052853232259423E-4,0.0032638450200042114,0.974520951779322
289,0.0136870920193725,0.0082122552116235,1.052853232259423E-4,0.003158559696778269,0.9746262371025479
290,0.0136870920193725,0.0082122552116235,1.052853232259423E-4,0.0029479890503263844,0.9748368077489998
291,0.0136870920193725,0.0082122552116235,0.0,0.0029479890503263844,0.9749420930722257
292,0.0136870920193725,0.0082122552116235,0.0,0.002842703727100442,0.9750473783954516
293,0.0136870920193725,0.0082122552116235,0.0,0.002842703727100442,0.9750473783954516
294,0.0136870920193725,0.0082122552116235,0.0,0.002842703727100442,0.9750473783954516
295,0.0136870920193725,0.0082122552116235,0.0,0.0027374184038745,0.9751526637186776
296,0.0136870920193725,0.0082122552116235,0.0,0.0026321330806485578,0.9752579490419035
297,0.0136870920193725,0.0082122552116235,0.0,0.002421562434196673,0.9754685196883555
298,0.0136870920193725,0.0082122552116235,0.0,0.002421562434196673,0.9754685196883555
299,0.0136870920193725,0.0082122552116235,0.0,0.0022109917877447885,0.9756790903348074
300,0.0136870920193725,0.0082122552116235,0.0,0.0022109917877447885,0.9756790903348074
301,0.0136870920193725,0.0082122552116235,0.0,0.0021057064645188463,0.9757843756580332
302,0.0136870920193725,0.0082122552116235,0.0,0.0020004211412929036,0.9758896609812592
303,0.0136870920193725,0.0082122552116235,0.0,0.0020004211412929036,0.9758896609812592
304,0.0136870920193725,0.0082122552116235,0.0,0.0020004211412929036,0.9758896609812592
305,0.0136870920193725,0.0082122552116235,0.0,0.0018951358180669614,0.9759949463044851
306,0.0136870920193725,0.0082122552116235,0.0,0.0018951358180669614,0.9759949463044851
307,0.0136870920193725,0.0082122552116235,0.0,0.0018951358180669614,0.9759949463044851
308,0.0136870920193725,0.0082122552116235,0.0,0.0017898504948410192,0.9761002316277111
309,0.0136870920193725,0.0082122552116235,0.0,0.0017898504948410192,0.9761002316277111
310,0.0136870920193725,0.0082122552116235,0.0,0.0017898504948410192,0.9761002316277111
311,0.0136870920193725,0.0082122552116235,0.0,0.0017898504948410192,0.9761002316277111
312,0.0136870920193725,0.0082122552116235,0.0,0.0017898504948410192,0.9761002316277111
313,0.0136870920193725,0.0082122552116235,0.0,0.0016845651716150768,0.976205516950937
314,0.0136870920193725,0.0082122552116235,0.0,0.0016845651716150768,0.976205516950937
315,0.0136870920193725,0.0082122552116235,0.0,0.0016845651716150768,0.976205516950937
316,0.0136870920193725,0.0082122552116235,0.0,0.0016845651716150768,0.976205516950937
317,0.0136870920193725,0.0082122552116235,0.0,0.0015792798483891346,0.976310802274163
318,0.0136870920193725,0.0082122552116235,0.0,0.0015792798483891346,0.976310802274163
319,0.0136870920193725,0.0082122552116235,0.0,0.0014739945251631922,0.976416087597389
320,0.0136870920193725,0.0082122552116235,0.0,0.0014739945251631922,0.976416087597389
321,0.0136870920193725,0.0082122552116235,0.0,0.00136870920193725,0.9765213729206149
322,0.0136870920193725,0.0082122552116235,0.0,0.0012634238787113076,0.9766266582438408
323,0.0136870920193725,0.0082122552116235,0.0,0.0012634238787113076,0.9766266582438408
324,0.0136870920193725,0.0082122552116235,0.0,0.0012634238787113076,0.9766266582438408
325,0.0136870920193725,0.0082122552116235,0.0,0.0012634238787113076,0.9766266582438408
326,0.0136870920193725,0.0082122552116235,0.0,0.0012634238787113076,0.9766266582438408
327,0.0136870920193725,0.0082122552116235,0.0,0.0011581385554853654,0.9767319435670667
328,0.0136870920193725,0.0082122552116235,0.0,0.0010528532322594231,0.9768372288902927
329,0.0136870920193725,0.0082122552116235,0.0,0.0010528532322594231,0.9768372288902927
330,0.0136870920193725,0.0082122552116235,0.0,0.0010528532322594231,0.9768372288902927
331,0.0136870920193725,0.0082122552116235,0.0,9.475679090334807E-4,0.9769425142135186
332,0.0136870920193725,0.0082122552116235,0.0,9.475679090334807E-4,0.9769425142135186
333,0.0136870920193725,0.0082122552116235,0.0,9.475679090334807E-4,0.9769425142135186
334,0.0136870920193725,0.0082122552116235,0.0,9.475679090334807E-4,0.9769425142135186
335,0.0136870920193725,0.0082122552116235,0.0,9.475679090334807E-4,0.9769425142135186
336,0.0136870920193725,0.0082122552116235,0.0,9.475679090334807E-4,0.9769425142135186
337,0.0136870920193725,0.0082122552116235,0.0,9.475679090334807E-4,0.9769425142135186
338,0.0136870920193725,0.0082122552116235,0.0,9.475679090334807E-4,0.9769425142135186
339,0.0136870920193725,0.0082122552116235,0.0,9.475679090334807E-4,0.9769425142135186
340,0.0136870920193725,0.0082122552116235,0.0,9.475679090334807E-4,0.9769425142135186
341,0.0136870920193725,0.0082122552116235,0.0,8.422825858075384E-4,0.9770477995367446
342,0.0136870920193725,0.0082122552116235,0.0,8.422825858075384E-4,0.9770477995367446
343,0.0136870920193725,0.0082122552116235,0.0,8.422825858075384E-4,0.9770477995367446
344,0.0136870920193725,0.0082122552116235,0.0,8.422825858075384E-4,0.9770477995367446
345,0.0136870920193725,0.0082122552116235,0.0,8.422825858075384E-4,0.9770477995367446
346,0.0136870920193725,0.0082122552116235,0.0,8.422825858075384E-4,0.9770477995367446
347,0.0136870920193725,0.0082122552116235,0.0,7.369972625815961E-4,0.9771530848599705
348,0.0136870920193725,0.0082122552116235,0.0,7.369972625815961E-4,0.9771530848599705
349,0.0136870920193725,0.0082122552116235,0.0,6.317119393556538E-4,0.9772583701831965
350,0.0136870920193725,0.0082122552116235,0.0,6.317119393556538E-4,0.9772583701831965
351,0.0136870920193725,0.0082122552116235,0.0,6.317119393556538E-4,0.9772583701831965
352,0.0136870920193725,0.0082122552116235,0.0,5.264266161297116E-4,0.9773636555064225
353,0.0136870920193725,0.0082122552116235,0.0,5.264266161297116E-4,0.9773636555064225
354,0.0136870920193725,0.0082122552116235,0.0,5.264266161297116E-4,0.9773636555064225
355,0.0136870920193725,0.0082122552116235,0.0,5.264266161297116E-4,0.9773636555064225
356,0.0136870920193725,0.0082122552116235,0.0,5.264266161297116E-4,0.9773636555064225
357,0.0136870920193725,0.0082122552116235,0.0,5.264266161297116E-4,0.9773636555064225
358,0.0136870920193725,0.0082122552116235,0.0,5.264266161297116E-4,0.9773636555064225
359,0.0136870920193725,0.0082122552116235,0.0,5.264266161297116E-4,0.9773636555064225
360,0.0136870920193725,0.0082122552116235,0.0,5.264266161297116E-4,0.9773636555064225
361,0.0136870920193725,0.0082122552116235,0.0,5.264266161297116E-4,0.9773636555064225
362,0.0136870920193725,0.0082122552116235,0.0,5.264266161297116E-4,0.9773636555064225
363,0.0136870920193725,0.0082122552116235,0.0,5.264266161297116E-4,0.9773636555064225
364,0.0136870920193725,0.0082122552116235,0.0,5.264266161297116E-4,0.9773636555064225
365,0.0136870920193725,0.0082122552116235,0.0,5.264266161297116E-4,0.9773636555064225
366,0.0136870920193725,0.0082122552116235,0.0,5.264266161297116E-4,0.9773636555064225
367,0.0136870920193725,0.0082122552116235,0.0,5.264266161297116E-4,0.9773636555064225
368,0.0136870920193725,0.0082122552116235,0.0,5.264266161297116E-4,0.9773636555064225
369,0.0136870920193725,0.0082122552116235,0.0,5.264266161297116E-4,0.9773636555064225
370,0.0136870920193725,0.0082122552116235,0.0,5.264266161297116E-4,0.9773636555064225
371,0.0136870920193725,0.0082122552116235,0.0,5.264266161297116E-4,0.9773636555064225
372,0.0136870920193725,0.0082122552116235,0.0,5.264266161297116E-4,0.9773636555064225
373,0.0136870920193725,0.0082122552116235,0.0,4.211412929037692E-4,0.9774689408296483
374,0.0136870920193725,0.0082122552116235,0.0,3.158559696778269E-4,0.9775742261528743
375,0.0136870920193725,0.0082122552116235,0.0,3.158559696778269E-4,0.9775742261528743
376,0.0136870920193725,0.0082122552116235,0.0,3.158559696778269E-4,0.9775742261528743
377,0.0136870920193725,0.0082122552116235,0.0,3.158559696778269E-4,0.9775742261528743
378,0.0136870920193725,0.0082122552116235,0.0,3.158559696778269E-4,0.9775742261528743
379,0.0136870920193725,0.0082122552116235,0.0,3.158559696778269E-4,0.9775742261528743
380,0.0136870920193725,0.0082122552116235,0.0,2.105706464518846E-4,0.9776795114761002
381,0.0136870920193725,0.0082122552116235,0.0,2.105706464518846E-4,0.9776795114761002
382,0.0136870920193725,0.0082122552116235,0.0,2.105706464518846E-4,0.9776795114761002
383,0.0136870920193725,0.0082122552116235,0.0,2.105706464518846E-4,0.9776795114761002
384,0.0136870920193725,0.0082122552116235,0.0,2.105706464518846E-4,0.9776795114761002
385,0.0136870920193725,0.0082122552116235,0.0,2.105706464518846E-4,0.9776795114761002
386,0.0136870920193725,0.0082122552116235,0.0,1.052853232259423E-4,0.9777847967993262
387,0.0136870920193725,0.0082122552116235,0.0,1.052853232259423E-4,0.9777847967993262
388,0.0136870920193725,0.0082122552116235,0.0,1.052853232259423E-4,0.9777847967993262
389,0.0136870920193725,0.0082122552116235,0.0,1.052853232259423E-4,0.9777847967993262
390,0.0136870920193725,0.0082122552116235,0.0,1.052853232259423E-4,0.9777847967993262
391,0.0136870920193725,0.0082122552116235,0.0,1.052853232259423E-4,0.9777847967993262
392,0.0136870920193725,0.0082122552116235,0.0,1.052853232259423E-4,0.9777847967993262
393,0.0136870920193725,0.0082122552116235,0.0,1.052853232259423E-4,0.9777847967993262
394,0.0136870920193725,0.0082122552116235,0.0,1.052853232259423E-4,0.9777847967993262
395,0.0136870920193725,0.0082122552116235,0.0,1.052853232259423E-4,0.9777847967993262
396,0.0136870920193725,0.0082122552116235,0.0,1.052853232259423E-4,0.9777847967993262
397,0.0136870920193725,0.0082122552116235,0.0,1.052853232259423E-4,0.9777847967993262
398,0.0136870920193725,0.0082122552116235,0.0,1.052853232259423E-4,0.9777847967993262
399,0.0136870920193725,0.0082122552116235,0.0,0.0,0.9778900821225521
400,0.0136870920193725,0.0082122552116235,0.0,0.0,0.9778900821225521
401,0.0136870920193725,0.0082122552116235,0.0,0.0,0.9778900821225521
402,0.0136870920193725,0.0082122552116235,0.0,0.0,0.9778900821225521
403,0.0136870920193725,0.0082122552116235,0.0,0.0,0.9778900821225521
404,0.0136870920193725,0.0082122552116235,0.0,0.0,0.9778900821225521
405,0.0136870920193725,0.0082122552116235,0.0,0.0,0.9778900821225521
406,0.0136870920193725,0.0082122552116235,0.0,-1.052853232259423E-4,0.9779953674457781
407,0.0136870920193725,0.0082122552116235,0.0,-1.052853232259423E-4,0.9779953674457781
408,0.0136870920193725,0.0082122552116235,0.0,-1.052853232259423E-4,0.9779953674457781
409,0.0136870920193725,0.0082122552116235,0.0,-1.052853232259423E-4,0.9779953674457781
410,0.0136870920193725,0.0082122552116235,0.0,-1.052853232259423E-4,0.9779953674457781
411,0.0136870920193725,0.0082122552116235,0.0,-1.052853232259423E-4,0.9779953674457781
412,0.0136870920193725,0.0082122552116235,0.0,-1.052853232259423E-4,0.9779953674457781
413,0.0136870920193725,0.0082122552116235,0.0,-1.052853232259423E-4,0.9779953674457781
414,0.0136870920193725,0.0082122552116235,0.0,-1.052853232259423E-4,0.9779953674457781
415,0.0136870920193725,0.0082122552116235,0.0,-1.052853232259423E-4,0.9779953674457781
416,0.0136870920193725,0.0082122552116235,0.0,-1.052853232259423E-4,0.9779953674457781
417,0.0136870920193725,0.0082122552116235,0.0,-1.052853232259423E-4,0.9779953674457781
418,0.0136870920193725,0.0082122552116235,0.0,-1.052853232259423E-4,0.9779953674457781
419,0.0136870920193725,0.0082122552116235,0.0,-1.052853232259423E-4,0.9779953674457781
420,0.0136870920193725,0.0082122552116235,0.0,-1.052853232259423E-4,0.9779953674457781
421,0.0136870920193725,0.0082122552116235,0.0,-1.052853232259423E-4,0.9779953674457781
422,0.0136870920193725,0.0082122552116235,0.0,-1.052853232259423E-4,0.9779953674457781
423,0.0136870920193725,0.0082122552116235,0.0,-1.052853232259423E-4,0.9779953674457781
424,0.0136870920193725,0.0082122552116235,0.0,-1.052853232259423E-4,0.9779953674457781
425,0.0136870920193725,0.0082122552116235,0.0,-1.052853232259423E-4,0.9779953674457781
426,0.0136870920193725,0.0082122552116235,0.0,-1.052853232259423E-4,0.9779953674457781
427,0.0136870920193725,0.0082122552116235,0.0,-1.052853232259423E-4,0.9779953674457781
428,0.0136870920193725,0.0082122552116235,0.0,-1.052853232259423E-4,0.9779953674457781
429,0.0136870920193725,0.0082122552116235,0.0,-1.052853232259423E-4,0.9779953674457781
430,0.0136870920193725,0.0082122552116235,0.0,-1.052853232259423E-4,0.9779953674457781
431,0.0136870920193725,0.0082122552116235,0.0,-1.052853232259423E-4,0.9779953674457781
432,0.0136870920193725,0.0082122552116235,0.0,-1.052853232259423E-4,0.9779953674457781
433,0.0136870920193725,0.0082122552116235,0.0,-1.052853232259423E-4,0.9779953674457781
434,0.0136870920193725,0.0082122552116235,0.0,-1.052853232259423E-4,0.9779953674457781
435,0.0136870920193725,0.0082122552116235,0.0,-1.052853232259423E-4,0.9779953674457781
436,0.0136870920193725,0.0082122552116235,0.0,-1.052853232259423E-4,0.9779953674457781
437,0.0136870920193725,0.0082122552116235,0.0,-1.052853232259423E-4,0.9779953674457781
438,0.0136870920193725,0.0082122552116235,0.0,-1.052853232259423E-4,0.9779953674457781
439,0.0136870920193725,0.0082122552116235,0.0,-1.052853232259423E-4,0.9779953674457781
440,0.0136870920193725,0.0082122552116235,0.0,-1.052853232259423E-4,0.9779953674457781
441,0.0136870920193725,0.0082122552116235,0.0,-1.052853232259423E-4,0.9779953674457781
442,0.0136870920193725,0.0082122552116235,0.0,-1.052853232259423E-4,0.9779953674457781
443,0.0136870920193725,0.0082122552116235,0.0,-1.052853232259423E-4,0.9779953674457781
444,0.0136870920193725,0.0082122552116235,0.0,-1.052853232259423E-4,0.9779953674457781
445,0.0136870920193725,0.0082122552116235,0.0,-1.052853232259423E-4,0.9779953674457781
446,0.0136870920193725,0.0082122552116235,0.0,-1.052853232259423E-4,0.9779953674457781
447,0.0136870920193725,0.0082122552116235,0.0,-1.052853232259423E-4,0.9779953674457781
448,0.0136870920193725,0.0082122552116235,0.0,-1.052853232259423E-4,0.9779953674457781
449,0.0136870920193725,0.0082122552116235,0.0,-1.052853232259423E-4,0.9779953674457781
450,0.0136870920193725,0.0082122552116235,0.0,-1.052853232259423E-4,0.9779953674457781
451,0.0136870920193725,0.0082122552116235,0.0,-1.052853232259423E-4,0.9779953674457781
452,0.0136870920193725,0.0082122552116235,0.0,-1.052853232259423E-4,0.9779953674457781
453,0.0136870920193725,0.0082122552116235,0.0,-1.052853232259423E-4,0.9779953674457781
454,0.0136870920193725,0.0082122552116235,0.0,-1.052853232259423E-4,0.9779953674457781
455,0.0136870920193725,0.0082122552116235,0.0,-1.052853232259423E-4,0.9779953674457781
456,0.0136870920193725,0.0082122552116235,0.0,-1.052853232259423E-4,0.9779953674457781
457,0.0136870920193725,0.0082122552116235,0.0,-1.052853232259423E-4,0.9779953674457781
458,0.0136870920193725,0.0082122552116235,0.0,-1.052853232259423E-4,0.9779953674457781
459,0.0136870920193725,0.0082122552116235,0.0,-1.052853232259423E-4,0.9779953674457781
460,0.0136870920193725,0.0082122552116235,0.0,-1.052853232259423E-4,0.9779953674457781
461,0.0136870920193725,0.0082122552116235,0.0,-1.052853232259423E-4,0.9779953674457781
462,0.0136870920193725,0.0082122552116235,0.0,-1.052853232259423E-4,0.9779953674457781
463,0.0136870920193725,0.0082122552116235,0.0,-1.052853232259423E-4,0.9779953674457781
464,0.0136870920193725,0.0082122552116235,0.0,-1.052853232259423E-4,0.9779953674457781
465,0.0136870920193725,0.0082122552116235,0.0,-1.052853232259423E-4,0.9779953674457781
466,0.0136870920193725,0.0082122552116235,0.0,-1.052853232259423E-4,0.9779953674457781
467,0.0136870920193725,0.0082122552116235,0.0,-1.052853232259423E-4,0.9779953674457781
468,0.0136870920193725,0.0082122552116235,0.0,-1.052853232259423E-4,0.9779953674457781
469,0.0136870920193725,0.0082122552116235,0.0,-1.052853232259423E-4,0.9779953674457781
470,0.0136870920193725,0.0082122552116235,0.0,-1.052853232259423E-4,0.9779953674457781
471,0.0136870920193725,0.0082122552116235,0.0,-1.052853232259423E-4,0.9779953674457781
472,0.0136870920193725,0.0082122552116235,0.0,-1.052853232259423E-4,0.9779953674457781
473,0.0136870920193725,0.0082122552116235,0.0,-1.052853232259423E-4,0.9779953674457781
474,0.0136870920193725,0.0082122552116235,0.0,-1.052853232259423E-4,0.9779953674457781
475,0.0136870920193725,0.0082122552116235,0.0,-1.052853232259423E-4,0.9779953674457781
476,0.0136870920193725,0.0082122552116235,0.0,-1.052853232259423E-4,0.9779953674457781
477,0.0136870920193725,0.0082122552116235,0.0,-1.052853232259423E-4,0.9779953674457781
478,0.0136870920193725,0.0082122552116235,0.0,-1.052853232259423E-4,0.9779953674457781
479,0.0136870920193725,0.0082122552116235,0.0,-1.052853232259423E-4,0.9779953674457781
480,0.0136870920193725,0.0082122552116235,0.0,-1.052853232259423E-4,0.9779953674457781
481,0.0136870920193725,0.0082122552116235,0.0,-1.052853232259423E-4,0.9779953674457781
482,0.0136870920193725,0.0082122552116235,0.0,-1.052853232259423E-4,0.9779953674457781
483,0.0136870920193725,0.0082122552116235,0.0,-1.052853232259423E-4,0.9779953674457781
484,0.0136870920193725,0.0082122552116235,0.0,-1.052853232259423E-4,0.9779953674457781
485,0.0136870920193725,0.0082122552116235,0.0,-1.052853232259423E-4,0.9779953674457781
486,0.0136870920193725,0.0082122552116235,0.0,-1.052853232259423E-4,0.9779953674457781
487,0.0136870920193725,0.0082122552116235,0.0,-1.052853232259423E-4,0.9779953674457781
488,0.0136870920193725,0.0082122552116235,0.0,-1.052853232259423E-4,0.9779953674457781
489,0.0136870920193725,0.0082122552116235,0.0,-1.052853232259423E-4,0.9779953674457781
490,0.0136870920193725,0.0082122552116235,0.0,-1.052853232259423E-4,0.9779953674457781
491,0.0136870920193725,0.0082122552116235,0.0,-1.052853232259423E-4,0.9779953674457781
492,0.0136870920193725,0.0082122552116235,0.0,-1.052853232259423E-4,0.9779953674457781
493,0.0136870920193725,0.0082122552116235,0.0,-1.052853232259423E-4,0.9779953674457781
494,0.0136870920193725,0.0082122552116235,0.0,-1.052853232259423E-4,0.9779953674457781
495,0.0136870920193725,0.0082122552116235,0.0,-1.052853232259423E-4,0.9779953674457781
496,0.0136870920193725,0.0082122552116235,0.0,-1.052853232259423E-4,0.9779953674457781
497,0.0136870920193725,0.0082122552116235,0.0,-1.052853232259423E-4,0.9779953674457781
498,0.0136870920193725,0.0082122552116235,0.0,-1.052853232259423E-4,0.9779953674457781
499,0.0136870920193725,0.0082122552116235,0.0,-1.052853232259423E-4,0.9779953674457781
