0,0.695,0.3,0,0.005,0
1,0.5174773636555065,0.2600547483680775,0.1742472099389345,0.04706253948199621,9.475679090334807E-4
2,0.3815540113708149,0.2193093282796378,0.30427458412297326,0.0915982312065698,0.003053274373552327
3,0.27279427247841653,0.17972204674668352,0.40229522004632556,0.13866077068856603,0.006317119393556538
4,0.20214782059380923,0.14329332491050747,0.4596757212044641,0.18309117708991365,0.011581385554853654
5,0.15571699305116868,0.11781427668982944,0.4933670246367656,0.2157296272899558,0.017161507685828595
6,0.12876395030532745,0.10044219835754896,0.5058959781006528,0.23941882501579279,0.025268477574226154
7,0.11002316277110971,0.0868603916614024,0.5117919562013056,0.2581596125500105,0.03295430616971994
8,0.09559907348915561,0.0771741419246157,0.5103179616761423,0.2764792587913245,0.040218993472309957
9,0.08496525584333543,0.06833017477363655,0.5057906927774268,0.28932406822488943,0.05137923773425984
10,0.07496315013687092,0.062118340703305956,0.5005264266161297,0.29932617393135397,0.06285533796588756
11,0.06780374815750684,0.05611707727942725,0.4934723099599916,0.3100652769004001,0.07233101705622236
12,0.061381343440724365,0.05074752579490419,0.4848389134554643,0.3200673826068646,0.08275426405559065
13,0.05622236260265319,0.04622025689618867,0.47694251421351863,0.32891134975784375,0.09149294588334386
14,0.0512739524110339,0.04295641187618446,0.46925668561802486,0.33385975994946304,0.10244261949884186
15,0.04727311012844809,0.04042956411876184,0.46009686249736786,0.33933459675721206,0.11265529585175826
16,0.04485154769425142,0.037586860391661404,0.4492524742050958,0.344914718888187,0.1231838281743525
17,0.042851126552958516,0.036007580543272265,0.4366182354179827,0.3501789850494841,0.1341335017898505
18,0.04148241735102127,0.03442830069488313,0.42472099389345125,0.35428511265529583,0.1448726047588966
19,0.038323857654242996,0.03274373552326806,0.41745630659086125,0.35681196041271845,0.15445356917245737
20,0.036428721836176035,0.03179616761423457,0.40608549168245944,0.3596546641398189,0.16582438408085912
21,0.03516529795746473,0.030427458412297326,0.3932406822488945,0.3646030743314382,0.17635291640345335
22,0.03400715940197936,0.028532322594230365,0.3818698673404927,0.3691303432301537,0.18624973678669193
23,0.03242787955359023,0.027374184038745,0.3697620551695094,0.3723941882501579,0.1978311223415456
24,0.03063802905874921,0.026531901452937462,0.36070751737207835,0.37386818277532113,0.208043798694462
25,0.02926931985681196,0.025268477574226154,0.35028427037271004,0.3760791745630659,0.21888818698673404
26,0.02790061065487471,0.024426194988418616,0.34165087386818277,0.37513160665403245,0.2306801431880396
27,0.02705832806906717,0.02379448304906296,0.3322804801010739,0.3762897452095178,0.24036639292482628
28,0.025900189513581806,0.023478627079385132,0.3220678037481575,0.37744788376500316,0.2508949252474205
29,0.025268477574226154,0.023162771109707308,0.3130132659507265,0.3762897452095178,0.2620551695093704
30,0.024426194988418616,0.022109917877447885,0.3063802905874921,0.3726047588966098,0.2742682670035797
31,0.02326805643293325,0.021583491261318172,0.2972204674668351,0.3710254790482207,0.2866919351442409
32,0.022215203200673828,0.02095177932196252,0.28753421773004845,0.370393767108865,0.29869446199199834
33,0.021267635291640344,0.020320067382606864,0.2784796799326174,0.36965676984628343,0.3100652769004001
34,0.020320067382606864,0.02000421141292904,0.2707938513371236,0.36891977258370184,0.31975152663718676
35,0.02000421141292904,0.01926721415034744,0.2631080227416298,0.3673404927353127,0.3300694883133291
36,0.019372499473573383,0.018951358180669616,0.25700147399452516,0.363129079806275,0.34133501789850496
37,0.018951358180669616,0.018530216887765846,0.24910507475257948,0.3635502210991788,0.3496525584333544
38,0.018530216887765846,0.018424931564539903,0.24436723520741208,0.35712781638239627,0.361339229311434
39,0.01779321962518425,0.018109075594862075,0.23731311855127396,0.355864392503685,0.3707096230785428
40,0.017266793009054537,0.017582648978732365,0.23152242577384713,0.3534428300694883,0.3799747315224258
41,0.01695093703937671,0.017056222362602652,0.2249947357338387,0.34786270793851337,0.39292482627921665
42,0.01684565171615077,0.01684565171615077,0.21888818698673404,0.34438829227205725,0.40282164666245523
43,0.016424510423247,0.016529795746472942,0.21362392082543694,0.33912402611076015,0.4140871762476311
44,0.016319225100021057,0.016319225100021057,0.20793851337123606,0.333965045272689,0.425247420509581
45,0.015792798483891344,0.015792798483891344,0.20151610865445357,0.3319646241313961,0.4347230995999158
46,0.015371657190987577,0.015371657190987577,0.19583070120025267,0.32922720572752157,0.4439882080437987
47,0.015266371867761634,0.015266371867761634,0.19182985891766688,0.324805222152032,0.45262160454832595
48,0.015161086544535692,0.014950515898083806,0.18593388081701412,0.3232259423036429,0.46051800379027164
49,0.014845230574857865,0.014739945251631923,0.1814066119182986,0.3204885238997684,0.46830911770899136
50,0.014529374605180037,0.014529374605180037,0.17603706043377554,0.3178563908191198,0.4768372288902927
51,0.014108233312276269,0.014529374605180037,0.1709833649189303,0.3149084017687934,0.4852600547483681
52,0.014002947989050326,0.014529374605180037,0.1669825226363445,0.3094335649610444,0.49484101916192885
53,0.013792377342598442,0.014318803958728154,0.1612971151821436,0.3063802905874921,0.5040008422825858
54,0.0136870920193725,0.014318803958728154,0.15571699305116868,0.3043798694461992,0.5116866708780796
55,0.013371236049694672,0.014318803958728154,0.15245314803116444,0.30206359233522845,0.5175826489787324
56,0.013160665403242788,0.014108233312276269,0.147820593809223,0.2991156032849021,0.525584333543904
57,0.01273952411033902,0.014002947989050326,0.14592545799115603,0.29258791324489364,0.5345335860181091
58,0.012528953463887134,0.0136870920193725,0.142345757001474,0.28827121499263003,0.5429564118761845
59,0.012318382817435249,0.013476521372920615,0.13802905874921037,0.2854285112655296,0.5505369551484524
60,0.012318382817435249,0.013371236049694672,0.13371236049694674,0.2830069488313329,0.5573805011581385
61,0.012002526847757423,0.013055380080016846,0.12918509159823122,0.2807959570435881,0.5647504737839545
62,0.012002526847757423,0.01284480943356496,0.12634238787113075,0.27668982943777637,0.5719098757633186
63,0.01189724152453148,0.012634238787113077,0.1231838281743525,0.2736365550642241,0.5784375658033271
64,0.011686670878079595,0.012634238787113077,0.11960412718467045,0.26910928616550855,0.5867551063381765
65,0.011476100231627711,0.012634238787113077,0.11539271425563276,0.26668772373131183,0.5935986523478627
66,0.011370814908401769,0.012528953463887134,0.11191829858917667,0.26363444935775954,0.600336913034323
67,0.011370814908401769,0.012528953463887134,0.1087597388923984,0.2605811749842072,0.6065487471046536
68,0.011054958938723942,0.012528953463887134,0.10507475257949042,0.2575279006106549,0.6136028637607918
69,0.010844388292272057,0.012213097494209308,0.1025479048220678,0.25352705832806904,0.6206569804169298
70,0.010739102969046115,0.012002526847757423,0.1005474836807749,0.248157506843546,0.6283428090124237
71,0.010633817645820172,0.011791956201305537,0.09875763318593388,0.24268267003579702,0.6359233522846915
72,0.010528532322594231,0.011686670878079595,0.09665192672141504,0.23826068646030743,0.6426616129711519
73,0.010317961676142346,0.011265529585175826,0.09317751105495894,0.23478627079385134,0.6502421562434196
74,0.010212676352916403,0.011160244261949883,0.0903348073278585,0.23141714045062117,0.6566645609602021
75,0.010212676352916403,0.011160244261949883,0.08643925036849863,0.22825858075384292,0.6637186776163403
76,0.01000210570646452,0.011160244261949883,0.08433354390397979,0.2237313118551274,0.6705622236260266
77,0.01000210570646452,0.011160244261949883,0.08243840808591282,0.21920404295641188,0.676984628342809
78,0.01000210570646452,0.011160244261949883,0.07906927774268267,0.21730890713834491,0.6822488945041061
79,0.009686249736786692,0.011054958938723942,0.07664771530848599,0.2145714887344704,0.6878290166350811
80,0.009475679090334808,0.011054958938723942,0.07359444093493367,0.21236049694672562,0.6933038534428301
81,0.009370393767108865,0.011054958938723942,0.07201516108654453,0.20857022531059172,0.698778690250579
82,0.009265108443882923,0.011054958938723942,0.07001473994525163,0.20562223626026532,0.7038323857654243
83,0.009265108443882923,0.010949673615498,0.0676984628342809,0.2030953885028427,0.7087807959570436
84,0.00915982312065698,0.010949673615498,0.06538218572331017,0.2001473994525163,0.7141503474415667
85,0.009054537797431038,0.010949673615498,0.06401347652137292,0.19719941040218994,0.7185723310170562
86,0.008949252474205097,0.010844388292272057,0.062013055380080014,0.1943567066750895,0.7236260265319014
87,0.008843967150979154,0.010844388292272057,0.06001263423878711,0.19119814697831122,0.7288902926931986
88,0.008843967150979154,0.010739102969046115,0.058749210360075806,0.18877658454411456,0.7326805643293325
89,0.008843967150979154,0.010739102969046115,0.05664350389555696,0.18582859549378816,0.7377342598441777
90,0.008738681827753211,0.010633817645820172,0.05464308275426406,0.18361760370604338,0.7421562434196673
91,0.008633396504527269,0.010633817645820172,0.053800800168456515,0.1804590440092651,0.7462623710254791
92,0.008528111181301326,0.010633817645820172,0.052326805643293325,0.17887976416087598,0.7494209307222574
93,0.008528111181301326,0.010528532322594231,0.05053695514845231,0.17614234575700147,0.7540534849441988
94,0.008528111181301326,0.010528532322594231,0.04843124868393346,0.17361549799957887,0.7586860391661402
95,0.008422825858075385,0.010528532322594231,0.04727311012844809,0.1704569383028006,0.7631080227416298
96,0.008317540534849443,0.010528532322594231,0.0457991156032849,0.16835123183828174,0.7667930090545378
97,0.008317540534849443,0.010423246999368288,0.04421983575489577,0.16529795746472942,0.7715308485997052
98,0.008317540534849443,0.010423246999368288,0.0430616971994104,0.16266582438408086,0.7753211202358391
99,0.008317540534849443,0.010423246999368288,0.042114129290376924,0.15992840598020636,0.7790061065487471
100,0.008317540534849443,0.010317961676142346,0.040955990734891555,0.15708570225310592,0.7831122341545589
101,0.008317540534849443,0.010317961676142346,0.039481996209728365,0.15508528111181302,0.786586649821015
102,0.008317540534849443,0.010317961676142346,0.03821857233101705,0.15340071594019794,0.7895346388713413
103,0.008317540534849443,0.010317961676142346,0.037271004421983576,0.15034744156664562,0.7935354811539271
104,0.008317540534849443,0.010317961676142346,0.036428721836176035,0.14624131396083387,0.7984838913455464
105,0.008317540534849443,0.010317961676142346,0.03548115392714256,0.1430827542640556,0.8025900189513582
106,0.008317540534849443,0.010317961676142346,0.033796588755527476,0.14024005053695515,0.8071172878500738
107,0.0082122552116235,0.010317961676142346,0.032849020846494,0.13739734680985471,0.8110128448094336
108,0.008106969888397557,0.010317961676142346,0.032322594230364286,0.13455464308275428,0.8144872604758897
109,0.008001684565171615,0.010317961676142346,0.031901452937460516,0.13160665403242788,0.8179616761423457
110,0.008001684565171615,0.010317961676142346,0.03063802905874921,0.13023794483049064,0.8205938092229943
111,0.007896399241945672,0.010212676352916403,0.03021688776584544,0.12771109707306802,0.8237523689197725
112,0.007896399241945672,0.01010739102969046,0.029901031796167613,0.12434196672983786,0.8275426405559065
113,0.007896399241945672,0.01010739102969046,0.029058749210360075,0.12286797220467467,0.8298589176668772
114,0.007896399241945672,0.01010739102969046,0.02790061065487471,0.12107812170983365,0.8328069067172036
115,0.00779111391871973,0.01000210570646452,0.02695304274584123,0.11865655927563698,0.8363866077068857
116,0.00779111391871973,0.01000210570646452,0.02600547483680775,0.1169719941040219,0.8390187407875342
117,0.00779111391871973,0.01000210570646452,0.025900189513581806,0.11433986102337335,0.8417561591914087
118,0.00779111391871973,0.01000210570646452,0.025268477574226154,0.11202358391240261,0.8447041482417351
119,0.00779111391871973,0.01000210570646452,0.024636765634870498,0.10981259212465783,0.8475468519688355
120,0.00779111391871973,0.01000210570646452,0.024426194988418616,0.10633817645820173,0.8512318382817435
121,0.00779111391871973,0.01000210570646452,0.024005053695514846,0.10349547273110128,0.8544956833017477
122,0.00779111391871973,0.009896820383238577,0.023057485786481365,0.10065276900400084,0.8583912402611076
123,0.00779111391871973,0.009896820383238577,0.022109917877447885,0.09949463044851548,0.8604969467256265
124,0.00779111391871973,0.009896820383238577,0.021688776584544114,0.0972836386607707,0.863129079806275
125,0.00779111391871973,0.009896820383238577,0.020846493998736577,0.09602021478205938,0.8652347862707939
126,0.00779111391871973,0.009896820383238577,0.02021478205938092,0.09412507896399241,0.8677616340282165
127,0.00779111391871973,0.009896820383238577,0.02000421141292904,0.09191408717624763,0.8701831964624132
128,0.00779111391871973,0.009896820383238577,0.01958307012002527,0.09065066329753632,0.8718677616340282
129,0.00779111391871973,0.009896820383238577,0.018951358180669616,0.08896609812592125,0.874184038744999
130,0.00779111391871973,0.009896820383238577,0.018635502210991788,0.0868603916614024,0.8766056011791956
131,0.00779111391871973,0.009896820383238577,0.018214360918088018,0.08422825858075385,0.8796588755527479
132,0.00779111391871973,0.009896820383238577,0.017687934301958308,0.082122552116235,0.8822910086333965
133,0.00779111391871973,0.009896820383238577,0.01695093703937671,0.07991156032849021,0.8852389976837229
134,0.00779111391871973,0.009896820383238577,0.016319225100021057,0.07812170983364919,0.8876605601179196
135,0.00779111391871973,0.009791535060012634,0.016108654453569172,0.07591071804590441,0.8901874078753422
136,0.00779111391871973,0.009791535060012634,0.01558222783743946,0.07454200884396715,0.8920825436934091
137,0.00779111391871973,0.009791535060012634,0.015055801221309749,0.07369972625815961,0.8934512528953464
138,0.00779111391871973,0.009791535060012634,0.014424089281954095,0.07190987576331859,0.8958728153295431
139,0.00779111391871973,0.009791535060012634,0.013792377342598442,0.07054116656138135,0.897873236470836
140,0.00779111391871973,0.009791535060012634,0.013581806696146557,0.06917245735944409,0.8994525163192251
141,0.00779111391871973,0.009791535060012634,0.013371236049694672,0.06706675089492525,0.9017687934301958
142,0.00779111391871973,0.009791535060012634,0.013265950726468731,0.06590861233943988,0.9030322173089071
143,0.00779111391871973,0.009791535060012634,0.01284480943356496,0.06411876184459886,0.9052432090966519
144,0.00779111391871973,0.009791535060012634,0.012423668140661192,0.06306590861233943,0.9067172036218151
145,0.00779111391871973,0.009791535060012634,0.012107812170983365,0.0622236260265319,0.9078753421773005
146,0.00779111391871973,0.009791535060012634,0.011370814908401769,0.06159191408717625,0.9092440513792377
147,0.00779111391871973,0.009791535060012634,0.011160244261949883,0.059486207622657404,0.9115603284902085
148,0.00779111391871973,0.009791535060012634,0.011054958938723942,0.057591071804590444,0.9135607496315014
149,0.00779111391871973,0.009791535060012634,0.010844388292272057,0.056432933249105074,0.9149294588334386
150,0.00779111391871973,0.009791535060012634,0.010528532322594231,0.054221941461360286,0.9174563065908612
151,0.00779111391871973,0.009791535060012634,0.01010739102969046,0.0532743735523268,0.9188250157927985
152,0.007685828595493788,0.009791535060012634,0.009791535060012634,0.05211623499684144,0.9204042956411876
153,0.007580543272267846,0.009791535060012634,0.009686249736786692,0.05064224047167825,0.9220888608128027
154,0.007580543272267846,0.009791535060012634,0.009580964413560749,0.04979995788587071,0.9230364287218362
155,0.007580543272267846,0.009791535060012634,0.009265108443882923,0.04906296062328911,0.9240892819540956
156,0.007580543272267846,0.009791535060012634,0.008949252474205097,0.048220678037481576,0.925247420509581
157,0.007580543272267846,0.009686249736786692,0.008422825858075385,0.04748368077489998,0.9266161297115182
158,0.007580543272267846,0.009686249736786692,0.007685828595493788,0.046957254158770265,0.9278795535902296
159,0.007580543272267846,0.009686249736786692,0.007580543272267846,0.04600968624973679,0.9289324068224889
160,0.007580543272267846,0.009686249736786692,0.007475257949041903,0.04516740366392925,0.9298799747315224
161,0.007580543272267846,0.009686249736786692,0.007475257949041903,0.04432512107812171,0.9307222573173299
162,0.007580543272267846,0.009686249736786692,0.007475257949041903,0.042851126552958516,0.9321962518424931
163,0.007580543272267846,0.009686249736786692,0.007264687302590019,0.041377132027795326,0.9338808170141082
164,0.007580543272267846,0.009686249736786692,0.007159401979364077,0.039903137502632136,0.9354600968624973
165,0.007580543272267846,0.009686249736786692,0.006948831332912192,0.03895556959359865,0.9366182354179827
166,0.007580543272267846,0.009686249736786692,0.006738260686460307,0.038008001684565175,0.9377763739734681
167,0.007580543272267846,0.009686249736786692,0.006738260686460307,0.03695514845230575,0.9388292272057275
168,0.007580543272267846,0.009686249736786692,0.0066329753632343655,0.03663929248262792,0.9392503684986313
169,0.007580543272267846,0.009686249736786692,0.006317119393556538,0.03590229522004632,0.9403032217308908
170,0.007580543272267846,0.009686249736786692,0.005790692777426827,0.035375868603916616,0.9413560749631501
171,0.007580543272267846,0.009686249736786692,0.005790692777426827,0.03474415666456096,0.9419877869025058
172,0.007580543272267846,0.009686249736786692,0.005685407454200884,0.03390187407875342,0.9429353548115392
173,0.007580543272267846,0.009686249736786692,0.005580122130974942,0.03316487681617183,0.9437776373973468
174,0.007580543272267846,0.009686249736786692,0.005158980838071173,0.03274373552326806,0.9446199199831543
175,0.007580543272267846,0.009686249736786692,0.005158980838071173,0.03169088229100863,0.9456727732154138
176,0.007580543272267846,0.009686249736786692,0.004737839545167404,0.03053274373552327,0.9472520530638029
177,0.007580543272267846,0.009686249736786692,0.004632554221941461,0.03021688776584544,0.9476731943567067
178,0.007580543272267846,0.009686249736786692,0.004316698252263634,0.030006317119393555,0.9481996209728364
179,0.007580543272267846,0.009686249736786692,0.004000842282585807,0.02926931985681196,0.9492524742050958
180,0.007580543272267846,0.009686249736786692,0.003895556959359865,0.028532322594230365,0.9500947567909034
181,0.007580543272267846,0.009686249736786692,0.003790271636133923,0.027795325331648767,0.9509370393767109
182,0.007580543272267846,0.009686249736786692,0.0033691303432301536,0.027374184038745,0.9517793219625185
183,0.007580543272267846,0.009686249736786692,0.0033691303432301536,0.026216045483259634,0.9529374605180038
184,0.007580543272267846,0.009686249736786692,0.0032638450200042114,0.025794904190355863,0.9534638871341335
185,0.007580543272267846,0.009686249736786692,0.0032638450200042114,0.025584333543903978,0.9536744577805853
186,0.007580543272267846,0.009686249736786692,0.003053274373552327,0.02505790692777427,0.9544114550431669
187,0.007580543272267846,0.009686249736786692,0.003053274373552327,0.024005053695514846,0.9554643082754264
188,0.007580543272267846,0.009580964413560749,0.0029479890503263844,0.02379448304906296,0.9558854495683302
189,0.007580543272267846,0.009580964413560749,0.0029479890503263844,0.022636344493577595,0.9570435881238155
190,0.007580543272267846,0.009580964413560749,0.0029479890503263844,0.022109917877447885,0.9575700147399453
191,0.007580543272267846,0.009580964413560749,0.002842703727100442,0.021583491261318172,0.9582017266793009
192,0.007580543272267846,0.009580964413560749,0.0027374184038745,0.021162349968414405,0.9587281532954306
193,0.007580543272267846,0.009580964413560749,0.0026321330806485578,0.02063592335228469,0.9593598652347862
194,0.007580543272267846,0.009580964413560749,0.0026321330806485578,0.020320067382606864,0.9596757212044641
195,0.007580543272267846,0.009580964413560749,0.0026321330806485578,0.02000421141292904,0.959991577174142
196,0.007580543272267846,0.009580964413560749,0.002526847757422615,0.019372499473573383,0.9607285744367235
197,0.007580543272267846,0.009580964413560749,0.0023162771109707307,0.019056643503895555,0.9612550010528532
198,0.007580543272267846,0.009580964413560749,0.0021057064645188463,0.018846072857443674,0.961676142345757
199,0.007580543272267846,0.009580964413560749,0.0018951358180669614,0.01831964624131396,0.9624131396083386
200,0.007580543272267846,0.009580964413560749,0.0017898504948410192,0.017898504948410193,0.9629395662244683
201,0.007580543272267846,0.009475679090334808,0.0017898504948410192,0.01737207833228048,0.9635712781638239
202,0.007580543272267846,0.009475679090334808,0.0017898504948410192,0.01737207833228048,0.9635712781638239
203,0.007580543272267846,0.009475679090334808,0.0017898504948410192,0.01695093703937671,0.9639924194567278
204,0.007580543272267846,0.009475679090334808,0.0016845651716150768,0.016635081069698885,0.9644135607496315
205,0.007580543272267846,0.009475679090334808,0.0016845651716150768,0.016213939776795114,0.9648347020425353
206,0.007580543272267846,0.009475679090334808,0.0015792798483891346,0.015792798483891344,0.965361128658665
207,0.007580543272267846,0.009475679090334808,0.0015792798483891346,0.01547694251421352,0.9656769846283428
208,0.007580543272267846,0.009475679090334808,0.0015792798483891346,0.014845230574857865,0.9663086965676985
209,0.007580543272267846,0.009475679090334808,0.0014739945251631922,0.014529374605180037,0.9667298378606022
210,0.007580543272267846,0.009475679090334808,0.0014739945251631922,0.013897662665824383,0.9673615497999579
211,0.007475257949041903,0.009475679090334808,0.0014739945251631922,0.013897662665824383,0.9674668351231839
212,0.007475257949041903,0.009475679090334808,0.0014739945251631922,0.013476521372920615,0.9678879764160876
213,0.007475257949041903,0.009475679090334808,0.0012634238787113076,0.013265950726468731,0.9683091177089914
214,0.007475257949041903,0.009475679090334808,0.0012634238787113076,0.01273952411033902,0.9688355443251211
215,0.007475257949041903,0.009475679090334808,0.0012634238787113076,0.012107812170983365,0.9694672562644767
216,0.007475257949041903,0.009475679090334808,0.0012634238787113076,0.011581385554853654,0.9699936828806064
217,0.007475257949041903,0.009475679090334808,0.0012634238787113076,0.011160244261949883,0.9704148241735102
218,0.007475257949041903,0.009475679090334808,0.0011581385554853654,0.010949673615498,0.9707306801431881
219,0.007475257949041903,0.009475679090334808,0.0010528532322594231,0.010949673615498,0.9708359654664139
220,0.007475257949041903,0.009475679090334808,0.0010528532322594231,0.010633817645820172,0.9711518214360918
221,0.007475257949041903,0.009475679090334808,9.475679090334807E-4,0.010528532322594231,0.9713623920825437
222,0.007475257949041903,0.009475679090334808,9.475679090334807E-4,0.010528532322594231,0.9713623920825437
223,0.007475257949041903,0.009475679090334808,7.369972625815961E-4,0.010423246999368288,0.9716782480522215
224,0.007475257949041903,0.009475679090334808,7.369972625815961E-4,0.010212676352916403,0.9718888186986734
225,0.007475257949041903,0.009475679090334808,7.369972625815961E-4,0.01010739102969046,0.9719941040218993
226,0.007475257949041903,0.009475679090334808,7.369972625815961E-4,0.009791535060012634,0.9723099599915772
227,0.007475257949041903,0.009475679090334808,7.369972625815961E-4,0.009475679090334808,0.972625815961255
228,0.007475257949041903,0.009475679090334808,6.317119393556538E-4,0.00915982312065698,0.9730469572541588
229,0.007475257949041903,0.009475679090334808,6.317119393556538E-4,0.008843967150979154,0.9733628132238366
230,0.007475257949041903,0.009475679090334808,4.211412929037692E-4,0.008843967150979154,0.9735733838702885
231,0.007475257949041903,0.009475679090334808,4.211412929037692E-4,0.008843967150979154,0.9735733838702885
232,0.007475257949041903,0.009475679090334808,4.211412929037692E-4,0.008528111181301326,0.9738892398399663
233,0.007475257949041903,0.009475679090334808,4.211412929037692E-4,0.0082122552116235,0.9742050958096441
234,0.007475257949041903,0.009475679090334808,4.211412929037692E-4,0.008001684565171615,0.974415666456096
235,0.007475257949041903,0.009475679090334808,4.211412929037692E-4,0.00779111391871973,0.9746262371025479
236,0.007475257949041903,0.009475679090334808,4.211412929037692E-4,0.00779111391871973,0.9746262371025479
237,0.007475257949041903,0.009475679090334808,4.211412929037692E-4,0.00779111391871973,0.9746262371025479
238,0.007475257949041903,0.009475679090334808,4.211412929037692E-4,0.007475257949041903,0.9749420930722257
239,0.007475257949041903,0.009475679090334808,4.211412929037692E-4,0.007369972625815961,0.9750473783954516
240,0.007475257949041903,0.009475679090334808,4.211412929037692E-4,0.007159401979364077,0.9752579490419035
241,0.007475257949041903,0.009475679090334808,4.211412929037692E-4,0.006948831332912192,0.9754685196883555
242,0.007475257949041903,0.009475679090334808,4.211412929037692E-4,0.00684354600968625,0.9755738050115814
243,0.007475257949041903,0.009475679090334808,4.211412929037692E-4,0.006738260686460307,0.9756790903348074
244,0.007475257949041903,0.009475679090334808,3.158559696778269E-4,0.0066329753632343655,0.9758896609812592
245,0.007475257949041903,0.009475679090334808,3.158559696778269E-4,0.00642240471678248,0.9761002316277111
246,0.007475257949041903,0.009475679090334808,3.158559696778269E-4,0.006317119393556538,0.976205516950937
247,0.007475257949041903,0.009475679090334808,3.158559696778269E-4,0.006211834070330596,0.976310802274163
248,0.007475257949041903,0.009475679090334808,3.158559696778269E-4,0.005895978100652769,0.9766266582438408
249,0.007475257949041903,0.009475679090334808,3.158559696778269E-4,0.005790692777426827,0.9767319435670667
250,0.007475257949041903,0.009475679090334808,3.158559696778269E-4,0.005685407454200884,0.9768372288902927
251,0.007475257949041903,0.009475679090334808,3.158559696778269E-4,0.005685407454200884,0.9768372288902927
252,0.007475257949041903,0.009475679090334808,3.158559696778269E-4,0.005580122130974942,0.9769425142135186
253,0.007475257949041903,0.009475679090334808,3.158559696778269E-4,0.005474836807749,0.9770477995367446
254,0.007475257949041903,0.009475679090334808,3.158559696778269E-4,0.0052642661612971155,0.9772583701831965
255,0.007475257949041903,0.009475679090334808,3.158559696778269E-4,0.005158980838071173,0.9773636555064225
256,0.007475257949041903,0.009475679090334808,3.158559696778269E-4,0.004737839545167404,0.9777847967993262
257,0.007475257949041903,0.009475679090334808,3.158559696778269E-4,0.004632554221941461,0.9778900821225521
258,0.007475257949041903,0.009475679090334808,2.105706464518846E-4,0.004421983575489577,0.97820593809223
259,0.007475257949041903,0.009475679090334808,2.105706464518846E-4,0.004316698252263634,0.9783112234154558
260,0.007475257949041903,0.009475679090334808,2.105706464518846E-4,0.004211412929037693,0.9784165087386818
261,0.007475257949041903,0.009475679090334808,2.105706464518846E-4,0.004211412929037693,0.9784165087386818
262,0.007475257949041903,0.009475679090334808,2.105706464518846E-4,0.004211412929037693,0.9784165087386818
263,0.007475257949041903,0.009475679090334808,2.105706464518846E-4,0.0036849863129079807,0.9789429353548116
264,0.007475257949041903,0.009475679090334808,2.105706464518846E-4,0.0035797009896820385,0.9790482206780374
265,0.007475257949041903,0.009475679090334808,2.105706464518846E-4,0.003158559696778269,0.9794693619709413
266,0.007475257949041903,0.009475679090334808,2.105706464518846E-4,0.0029479890503263844,0.9796799326173932
267,0.007475257949041903,0.009475679090334808,2.105706464518846E-4,0.0029479890503263844,0.9796799326173932
268,0.007475257949041903,0.009475679090334808,2.105706464518846E-4,0.0029479890503263844,0.9796799326173932
269,0.007475257949041903,0.009475679090334808,2.105706464518846E-4,0.0027374184038745,0.979890503263845
270,0.007475257949041903,0.009475679090334808,2.105706464518846E-4,0.0027374184038745,0.979890503263845
271,0.007475257949041903,0.009475679090334808,2.105706464518846E-4,0.0027374184038745,0.979890503263845
272,0.007475257949041903,0.009475679090334808,2.105706464518846E-4,0.0027374184038745,0.979890503263845
273,0.007475257949041903,0.009475679090334808,2.105706464518846E-4,0.0027374184038745,0.979890503263845
274,0.007475257949041903,0.009475679090334808,2.105706464518846E-4,0.0026321330806485578,0.9799957885870709
275,0.007475257949041903,0.009475679090334808,2.105706464518846E-4,0.0026321330806485578,0.9799957885870709
276,0.007475257949041903,0.009475679090334808,2.105706464518846E-4,0.0026321330806485578,0.9799957885870709
277,0.007475257949041903,0.009475679090334808,2.105706464518846E-4,0.002526847757422615,0.9801010739102969
278,0.007475257949041903,0.009475679090334808,2.105706464518846E-4,0.002421562434196673,0.9802063592335228
279,0.007475257949041903,0.009475679090334808,2.105706464518846E-4,0.0023162771109707307,0.9803116445567488
280,0.007475257949041903,0.009475679090334808,2.105706464518846E-4,0.0023162771109707307,0.9803116445567488
281,0.007475257949041903,0.009475679090334808,2.105706464518846E-4,0.0022109917877447885,0.9804169298799748
282,0.007475257949041903,0.009475679090334808,2.105706464518846E-4,0.0022109917877447885,0.9804169298799748
283,0.007475257949041903,0.009475679090334808,2.105706464518846E-4,0.0021057064645188463,0.9805222152032007
284,0.007475257949041903,0.009475679090334808,1.052853232259423E-4,0.0022109917877447885,0.9805222152032007
285,0.007475257949041903,0.009475679090334808,1.052853232259423E-4,0.0022109917877447885,0.9805222152032007
286,0.007475257949041903,0.009475679090334808,1.052853232259423E-4,0.0021057064645188463,0.9806275005264267
287,0.007475257949041903,0.009475679090334808,1.052853232259423E-4,0.0020004211412929036,0.9807327858496525
288,0.007475257949041903,0.009475679090334808,1.052853232259423E-4,0.0018951358180669614,0.9808380711728785
289,0.007475257949041903,0.009475679090334808,1.052853232259423E-4,0.0017898504948410192,0.9809433564961044
290,0.007475257949041903,0.009475679090334808,1.052853232259423E-4,0.0016845651716150768,0.9810486418193304
291,0.007475257949041903,0.009475679090334808,1.052853232259423E-4,0.0016845651716150768,0.9810486418193304
292,0.007475257949041903,0.009475679090334808,1.052853232259423E-4,0.0016845651716150768,0.9810486418193304
293,0.007475257949041903,0.009475679090334808,1.052853232259423E-4,0.0016845651716150768,0.9810486418193304
294,0.007475257949041903,0.009475679090334808,1.052853232259423E-4,0.0015792798483891346,0.9811539271425563
295,0.007475257949041903,0.009475679090334808,1.052853232259423E-4,0.0015792798483891346,0.9811539271425563
296,0.007475257949041903,0.009475679090334808,1.052853232259423E-4,0.0015792798483891346,0.9811539271425563
297,0.007475257949041903,0.009475679090334808,1.052853232259423E-4,0.00136870920193725,0.9813644977890082
298,0.007475257949041903,0.009475679090334808,1.052853232259423E-4,0.00136870920193725,0.9813644977890082
299,0.007475257949041903,0.009475679090334808,1.052853232259423E-4,0.0012634238787113076,0.9814697831122342
300,0.007475257949041903,0.009475679090334808,1.052853232259423E-4,0.0012634238787113076,0.9814697831122342
301,0.007475257949041903,0.009475679090334808,1.052853232259423E-4,0.0011581385554853654,0.98157506843546
302,0.007475257949041903,0.009475679090334808,1.052853232259423E-4,0.0011581385554853654,0.98157506843546
303,0.007475257949041903,0.009475679090334808,1.052853232259423E-4,0.0011581385554853654,0.98157506843546
304,0.007475257949041903,0.009475679090334808,1.052853232259423E-4,0.0011581385554853654,0.98157506843546
305,0.007475257949041903,0.009475679090334808,1.052853232259423E-4,0.0011581385554853654,0.98157506843546
306,0.007475257949041903,0.009475679090334808,1.052853232259423E-4,0.0010528532322594231,0.981680353758686
307,0.007475257949041903,0.009475679090334808,0.0,0.0010528532322594231,0.981785639081912
308,0.007475257949041903,0.009475679090334808,0.0,0.0010528532322594231,0.981785639081912
309,0.007475257949041903,0.009475679090334808,0.0,9.475679090334807E-4,0.9818909244051379
310,0.007475257949041903,0.009475679090334808,0.0,9.475679090334807E-4,0.9818909244051379
311,0.007475257949041903,0.009475679090334808,0.0,9.475679090334807E-4,0.9818909244051379
312,0.007475257949041903,0.009475679090334808,0.0,8.422825858075384E-4,0.9819962097283639
313,0.007475257949041903,0.009475679090334808,0.0,8.422825858075384E-4,0.9819962097283639
314,0.007475257949041903,0.009475679090334808,0.0,7.369972625815961E-4,0.9821014950515898
315,0.007475257949041903,0.009475679090334808,0.0,5.264266161297116E-4,0.9823120656980417
316,0.007475257949041903,0.009475679090334808,0.0,5.264266161297116E-4,0.9823120656980417
317,0.007475257949041903,0.009475679090334808,0.0,4.211412929037692E-4,0.9824173510212676
318,0.007475257949041903,0.009475679090334808,0.0,2.105706464518846E-4,0.9826279216677195
319,0.007475257949041903,0.009475679090334808,0.0,2.105706464518846E-4,0.9826279216677195
320,0.007475257949041903,0.009475679090334808,0.0,2.105706464518846E-4,0.9826279216677195
321,0.007475257949041903,0.009475679090334808,0.0,2.105706464518846E-4,0.9826279216677195
322,0.007475257949041903,0.009475679090334808,0.0,2.105706464518846E-4,0.9826279216677195
323,0.007475257949041903,0.009475679090334808,0.0,2.105706464518846E-4,0.9826279216677195
324,0.007475257949041903,0.009475679090334808,0.0,2.105706464518846E-4,0.9826279216677195
325,0.007475257949041903,0.009475679090334808,0.0,2.105706464518846E-4,0.9826279216677195
326,0.007475257949041903,0.009475679090334808,0.0,2.105706464518846E-4,0.9826279216677195
327,0.007475257949041903,0.009475679090334808,0.0,2.105706464518846E-4,0.9826279216677195
328,0.007475257949041903,0.009475679090334808,0.0,2.105706464518846E-4,0.9826279216677195
329,0.007475257949041903,0.009475679090334808,0.0,2.105706464518846E-4,0.9826279216677195
330,0.007475257949041903,0.009475679090334808,0.0,2.105706464518846E-4,0.9826279216677195
331,0.007475257949041903,0.009475679090334808,0.0,2.105706464518846E-4,0.9826279216677195
332,0.007475257949041903,0.009475679090334808,0.0,2.105706464518846E-4,0.9826279216677195
333,0.007475257949041903,0.009475679090334808,0.0,2.105706464518846E-4,0.9826279216677195
334,0.007475257949041903,0.009475679090334808,0.0,2.105706464518846E-4,0.9826279216677195
335,0.007475257949041903,0.009475679090334808,0.0,2.105706464518846E-4,0.9826279216677195
336,0.007475257949041903,0.009475679090334808,0.0,2.105706464518846E-4,0.9826279216677195
337,0.007475257949041903,0.009475679090334808,0.0,2.105706464518846E-4,0.9826279216677195
338,0.007475257949041903,0.009475679090334808,0.0,2.105706464518846E-4,0.9826279216677195
339,0.007475257949041903,0.009475679090334808,0.0,2.105706464518846E-4,0.9826279216677195
340,0.007475257949041903,0.009475679090334808,0.0,2.105706464518846E-4,0.9826279216677195
341,0.007475257949041903,0.009475679090334808,0.0,2.105706464518846E-4,0.9826279216677195
342,0.007475257949041903,0.009475679090334808,0.0,2.105706464518846E-4,0.9826279216677195
343,0.007475257949041903,0.009475679090334808,0.0,2.105706464518846E-4,0.9826279216677195
344,0.007475257949041903,0.009475679090334808,0.0,2.105706464518846E-4,0.9826279216677195
345,0.007475257949041903,0.009475679090334808,0.0,2.105706464518846E-4,0.9826279216677195
346,0.007475257949041903,0.009475679090334808,0.0,2.105706464518846E-4,0.9826279216677195
347,0.007475257949041903,0.009475679090334808,0.0,2.105706464518846E-4,0.9826279216677195
348,0.007475257949041903,0.009475679090334808,0.0,2.105706464518846E-4,0.9826279216677195
349,0.007475257949041903,0.009475679090334808,0.0,2.105706464518846E-4,0.9826279216677195
350,0.007475257949041903,0.009475679090334808,0.0,2.105706464518846E-4,0.9826279216677195
351,0.007475257949041903,0.009475679090334808,0.0,2.105706464518846E-4,0.9826279216677195
352,0.007475257949041903,0.009475679090334808,0.0,2.105706464518846E-4,0.9826279216677195
353,0.007475257949041903,0.009475679090334808,0.0,2.105706464518846E-4,0.9826279216677195
354,0.007475257949041903,0.009475679090334808,0.0,1.052853232259423E-4,0.9827332069909455
355,0.007475257949041903,0.009475679090334808,0.0,1.052853232259423E-4,0.9827332069909455
356,0.007475257949041903,0.009475679090334808,0.0,1.052853232259423E-4,0.9827332069909455
357,0.007475257949041903,0.009475679090334808,0.0,1.052853232259423E-4,0.9827332069909455
358,0.007475257949041903,0.009475679090334808,0.0,1.052853232259423E-4,0.9827332069909455
359,0.007475257949041903,0.009475679090334808,0.0,1.052853232259423E-4,0.9827332069909455
360,0.007475257949041903,0.009475679090334808,0.0,1.052853232259423E-4,0.9827332069909455
361,0.007475257949041903,0.009475679090334808,0.0,1.052853232259423E-4,0.9827332069909455
362,0.007475257949041903,0.009475679090334808,0.0,1.052853232259423E-4,0.9827332069909455
363,0.007475257949041903,0.009475679090334808,0.0,1.052853232259423E-4,0.9827332069909455
364,0.007475257949041903,0.009475679090334808,0.0,1.052853232259423E-4,0.9827332069909455
365,0.007475257949041903,0.009475679090334808,0.0,1.052853232259423E-4,0.9827332069909455
366,0.007475257949041903,0.009475679090334808,0.0,1.052853232259423E-4,0.9827332069909455
367,0.007475257949041903,0.009475679090334808,0.0,1.052853232259423E-4,0.9827332069909455
368,0.007475257949041903,0.009475679090334808,0.0,1.052853232259423E-4,0.9827332069909455
369,0.007475257949041903,0.009475679090334808,0.0,1.052853232259423E-4,0.9827332069909455
370,0.007475257949041903,0.009475679090334808,0.0,1.052853232259423E-4,0.9827332069909455
371,0.007475257949041903,0.009475679090334808,0.0,1.052853232259423E-4,0.9827332069909455
372,0.007475257949041903,0.009475679090334808,0.0,1.052853232259423E-4,0.9827332069909455
373,0.007475257949041903,0.009475679090334808,0.0,1.052853232259423E-4,0.9827332069909455
374,0.007475257949041903,0.009475679090334808,0.0,1.052853232259423E-4,0.9827332069909455
375,0.007475257949041903,0.009475679090334808,0.0,1.052853232259423E-4,0.9827332069909455
376,0.007475257949041903,0.009475679090334808,0.0,1.052853232259423E-4,0.9827332069909455
377,0.007475257949041903,0.009475679090334808,0.0,1.052853232259423E-4,0.9827332069909455
378,0.007475257949041903,0.009475679090334808,0.0,1.052853232259423E-4,0.9827332069909455
379,0.007475257949041903,0.009475679090334808,0.0,1.052853232259423E-4,0.9827332069909455
380,0.007475257949041903,0.009475679090334808,0.0,1.052853232259423E-4,0.9827332069909455
381,0.007475257949041903,0.009475679090334808,0.0,1.052853232259423E-4,0.9827332069909455
382,0.007475257949041903,0.009475679090334808,0.0,1.052853232259423E-4,0.9827332069909455
383,0.007475257949041903,0.009475679090334808,0.0,1.052853232259423E-4,0.9827332069909455
384,0.007475257949041903,0.009475679090334808,0.0,1.052853232259423E-4,0.9827332069909455
385,0.007475257949041903,0.009475679090334808,0.0,0.0,0.9828384923141714
386,0.007475257949041903,0.009475679090334808,0.0,0.0,0.9828384923141714
387,0.007475257949041903,0.009475679090334808,0.0,0.0,0.9828384923141714
388,0.007475257949041903,0.009475679090334808,0.0,0.0,0.9828384923141714
389,0.007475257949041903,0.009475679090334808,0.0,0.0,0.9828384923141714
390,0.007475257949041903,0.009475679090334808,0.0,0.0,0.9828384923141714
391,0.007475257949041903,0.009475679090334808,0.0,0.0,0.9828384923141714
392,0.007475257949041903,0.009475679090334808,0.0,0.0,0.9828384923141714
393,0.007475257949041903,0.009475679090334808,0.0,0.0,0.9828384923141714
394,0.007475257949041903,0.009475679090334808,0.0,0.0,0.9828384923141714
395,0.007475257949041903,0.009475679090334808,0.0,0.0,0.9828384923141714
396,0.007475257949041903,0.009475679090334808,0.0,0.0,0.9828384923141714
397,0.007475257949041903,0.009475679090334808,0.0,0.0,0.9828384923141714
398,0.007475257949041903,0.009475679090334808,0.0,0.0,0.9828384923141714
399,0.007475257949041903,0.009475679090334808,0.0,0.0,0.9828384923141714
400,0.007475257949041903,0.009475679090334808,0.0,0.0,0.9828384923141714
401,0.007475257949041903,0.009475679090334808,0.0,0.0,0.9828384923141714
402,0.007475257949041903,0.009475679090334808,0.0,0.0,0.9828384923141714
403,0.007475257949041903,0.009475679090334808,0.0,0.0,0.9828384923141714
404,0.007475257949041903,0.009475679090334808,0.0,0.0,0.9828384923141714
405,0.007475257949041903,0.009475679090334808,0.0,0.0,0.9828384923141714
406,0.007475257949041903,0.009475679090334808,0.0,0.0,0.9828384923141714
407,0.007475257949041903,0.009475679090334808,0.0,0.0,0.9828384923141714
408,0.007475257949041903,0.009475679090334808,0.0,0.0,0.9828384923141714
409,0.007475257949041903,0.009475679090334808,0.0,0.0,0.9828384923141714
410,0.007475257949041903,0.009475679090334808,0.0,0.0,0.9828384923141714
411,0.007475257949041903,0.009475679090334808,0.0,0.0,0.9828384923141714
412,0.007475257949041903,0.009475679090334808,0.0,0.0,0.9828384923141714
413,0.007475257949041903,0.009475679090334808,0.0,0.0,0.9828384923141714
414,0.007475257949041903,0.009475679090334808,0.0,0.0,0.9828384923141714
415,0.007475257949041903,0.009475679090334808,0.0,0.0,0.9828384923141714
416,0.007475257949041903,0.009475679090334808,0.0,0.0,0.9828384923141714
417,0.007475257949041903,0.009475679090334808,0.0,0.0,0.9828384923141714
418,0.007475257949041903,0.009475679090334808,0.0,0.0,0.9828384923141714
419,0.007475257949041903,0.009475679090334808,0.0,0.0,0.9828384923141714
420,0.007475257949041903,0.009475679090334808,0.0,0.0,0.9828384923141714
421,0.007475257949041903,0.009475679090334808,0.0,0.0,0.9828384923141714
422,0.007475257949041903,0.009475679090334808,0.0,0.0,0.9828384923141714
423,0.007475257949041903,0.009475679090334808,0.0,0.0,0.9828384923141714
424,0.007475257949041903,0.009475679090334808,0.0,0.0,0.9828384923141714
425,0.007475257949041903,0.009475679090334808,0.0,0.0,0.9828384923141714
426,0.007475257949041903,0.009475679090334808,0.0,0.0,0.9828384923141714
427,0.007475257949041903,0.009475679090334808,0.0,0.0,0.9828384923141714
428,0.007475257949041903,0.009475679090334808,0.0,0.0,0.9828384923141714
429,0.007475257949041903,0.009475679090334808,0.0,0.0,0.9828384923141714
430,0.007475257949041903,0.009475679090334808,0.0,0.0,0.9828384923141714
431,0.007475257949041903,0.009475679090334808,0.0,0.0,0.9828384923141714
432,0.007475257949041903,0.009475679090334808,0.0,0.0,0.9828384923141714
433,0.007475257949041903,0.009475679090334808,0.0,0.0,0.9828384923141714
434,0.007475257949041903,0.009475679090334808,0.0,0.0,0.9828384923141714
435,0.007475257949041903,0.009475679090334808,0.0,0.0,0.9828384923141714
436,0.007475257949041903,0.009475679090334808,0.0,0.0,0.9828384923141714
437,0.007475257949041903,0.009475679090334808,0.0,0.0,0.9828384923141714
438,0.007475257949041903,0.009475679090334808,0.0,0.0,0.9828384923141714
439,0.007475257949041903,0.009475679090334808,0.0,0.0,0.9828384923141714
440,0.007475257949041903,0.009475679090334808,0.0,0.0,0.9828384923141714
441,0.007475257949041903,0.009475679090334808,0.0,0.0,0.9828384923141714
442,0.007475257949041903,0.009475679090334808,0.0,0.0,0.9828384923141714
443,0.007475257949041903,0.009475679090334808,0.0,0.0,0.9828384923141714
444,0.007475257949041903,0.009475679090334808,0.0,0.0,0.9828384923141714
445,0.007475257949041903,0.009475679090334808,0.0,0.0,0.9828384923141714
446,0.007475257949041903,0.009475679090334808,0.0,0.0,0.9828384923141714
447,0.007475257949041903,0.009475679090334808,0.0,0.0,0.9828384923141714
448,0.007475257949041903,0.009475679090334808,0.0,0.0,0.9828384923141714
449,0.007475257949041903,0.009475679090334808,0.0,0.0,0.9828384923141714
450,0.007475257949041903,0.009475679090334808,0.0,0.0,0.9828384923141714
451,0.007475257949041903,0.009475679090334808,0.0,0.0,0.9828384923141714
452,0.007475257949041903,0.009475679090334808,0.0,0.0,0.9828384923141714
453,0.007475257949041903,0.009475679090334808,0.0,0.0,0.9828384923141714
454,0.007475257949041903,0.009475679090334808,0.0,0.0,0.9828384923141714
455,0.007475257949041903,0.009475679090334808,0.0,0.0,0.9828384923141714
456,0.007475257949041903,0.009475679090334808,0.0,0.0,0.9828384923141714
457,0.007475257949041903,0.009475679090334808,0.0,0.0,0.9828384923141714
458,0.007475257949041903,0.009475679090334808,0.0,0.0,0.9828384923141714
459,0.007475257949041903,0.009475679090334808,0.0,0.0,0.9828384923141714
460,0.007475257949041903,0.009475679090334808,0.0,0.0,0.9828384923141714
461,0.007475257949041903,0.009475679090334808,0.0,0.0,0.9828384923141714
462,0.007475257949041903,0.009475679090334808,0.0,0.0,0.9828384923141714
463,0.007475257949041903,0.009475679090334808,0.0,0.0,0.9828384923141714
464,0.007475257949041903,0.009475679090334808,0.0,0.0,0.9828384923141714
465,0.007475257949041903,0.009475679090334808,0.0,0.0,0.9828384923141714
466,0.007475257949041903,0.009475679090334808,0.0,0.0,0.9828384923141714
467,0.007475257949041903,0.009475679090334808,0.0,0.0,0.9828384923141714
468,0.007475257949041903,0.009475679090334808,0.0,0.0,0.9828384923141714
469,0.007475257949041903,0.009475679090334808,0.0,0.0,0.9828384923141714
470,0.007475257949041903,0.009475679090334808,0.0,0.0,0.9828384923141714
471,0.007475257949041903,0.009475679090334808,0.0,0.0,0.9828384923141714
472,0.007475257949041903,0.009475679090334808,0.0,0.0,0.9828384923141714
473,0.007475257949041903,0.009475679090334808,0.0,0.0,0.9828384923141714
474,0.007475257949041903,0.009475679090334808,0.0,0.0,0.9828384923141714
475,0.007475257949041903,0.009475679090334808,0.0,0.0,0.9828384923141714
476,0.007475257949041903,0.009475679090334808,0.0,0.0,0.9828384923141714
477,0.007475257949041903,0.009475679090334808,0.0,0.0,0.9828384923141714
478,0.007475257949041903,0.009475679090334808,0.0,0.0,0.9828384923141714
479,0.007475257949041903,0.009475679090334808,0.0,0.0,0.9828384923141714
480,0.007475257949041903,0.009475679090334808,0.0,0.0,0.9828384923141714
481,0.007475257949041903,0.009475679090334808,0.0,0.0,0.9828384923141714
482,0.007475257949041903,0.009475679090334808,0.0,0.0,0.9828384923141714
483,0.007475257949041903,0.009475679090334808,0.0,0.0,0.9828384923141714
484,0.007475257949041903,0.009475679090334808,0.0,0.0,0.9828384923141714
485,0.007475257949041903,0.009475679090334808,0.0,0.0,0.9828384923141714
486,0.007475257949041903,0.009475679090334808,0.0,0.0,0.9828384923141714
487,0.007475257949041903,0.009475679090334808,0.0,0.0,0.9828384923141714
488,0.007475257949041903,0.009475679090334808,0.0,0.0,0.9828384923141714
489,0.007475257949041903,0.009475679090334808,0.0,0.0,0.9828384923141714
490,0.007475257949041903,0.009475679090334808,0.0,0.0,0.9828384923141714
491,0.007475257949041903,0.009475679090334808,0.0,0.0,0.9828384923141714
492,0.007475257949041903,0.009475679090334808,0.0,0.0,0.9828384923141714
493,0.007475257949041903,0.009475679090334808,0.0,0.0,0.9828384923141714
494,0.007475257949041903,0.009475679090334808,0.0,0.0,0.9828384923141714
495,0.007475257949041903,0.009475679090334808,0.0,0.0,0.9828384923141714
496,0.007475257949041903,0.009475679090334808,0.0,0.0,0.9828384923141714
497,0.007475257949041903,0.009475679090334808,0.0,0.0,0.9828384923141714
498,0.007475257949041903,0.009475679090334808,0.0,0.0,0.9828384923141714
499,0.007475257949041903,0.009475679090334808,0.0,0.0,0.9828384923141714
