0,0.695,0.3,0,0.005,0
1,0.5042114129290377,0.2587913244893662,0.18825015792798483,0.04801010739102969,5.264266161297116E-4
2,0.361233943988208,0.2147820593809223,0.32533164876816173,0.09486207622657401,0.0035797009896820385
3,0.2621604548325963,0.17582648978732365,0.4133501789850495,0.1408717624763108,0.007580543272267846
4,0.19604127184670456,0.14539903137502633,0.46599284059802065,0.1784586228679722,0.013897662665824383
5,0.1578226995156875,0.12181511897241525,0.4895767530006317,0.2100442198357549,0.02053063802905875
6,0.131396083385976,0.10307433143819751,0.5016845651716151,0.2352074120867551,0.028427037271004423
7,0.1122341545588545,0.09054537797431038,0.50726468730259,0.2525794904190356,0.037165719098757634
8,0.09707306801431881,0.08180669614655717,0.507159401979364,0.26784586228679724,0.045904400926510845
9,0.08675510633817646,0.07306801431880396,0.503684986312908,0.27911139187197304,0.05716993051168667
10,0.07727942724784165,0.0671720362181512,0.49915771741419246,0.29016635081069697,0.06601389766266583
11,0.07201516108654453,0.060644346178142766,0.48968203832385765,0.3021688776584544,0.07527900610654875
12,0.06664560960202148,0.05432722678458623,0.4801010739102969,0.3133291219204043,0.0853863971362392
13,0.06085491682459465,0.0512739524110339,0.46925668561802486,0.32122552116235,0.09717835333754475
14,0.05716993051168667,0.04758896609812592,0.4596757212044641,0.3287007791113919,0.10665403242787955
15,0.05474836807749,0.045062118340703304,0.44956833017477366,0.33259633607075173,0.11781427668982944
16,0.052326805643293325,0.04274584122973257,0.4387239418825016,0.337650031585597,0.12834280901242368
17,0.050431669825226365,0.03927142556327648,0.4278795535902295,0.3432301537165719,0.13897662665824384
18,0.048115392714255634,0.03695514845230575,0.417877447883765,0.34754685196883556,0.1492945883343862
19,0.046641398189092444,0.0348494419877869,0.406927774268267,0.3516529795746473,0.15971783533375447
20,0.04527268898715519,0.03327016213939777,0.3954516740366393,0.354074542008844,0.1717203621815119
21,0.04369340913876606,0.031901452937460516,0.38734470414824174,0.3549168245946515,0.1819330385344283
22,0.04148241735102127,0.030427458412297326,0.37618445988629184,0.3589176668772373,0.19277742682670035
23,0.04000842282585808,0.028953463887134132,0.36670878079595703,0.3589176668772373,0.20520109496736155
24,0.03811328700779111,0.02832175194777848,0.35775952832175195,0.3579700989682038,0.21762476310802273
25,0.03695514845230575,0.027163613392293114,0.34723099599915774,0.35944409349336703,0.2289955780164245
26,0.03611286586649821,0.02611076016003369,0.3384923141714045,0.3621815118972415,0.2368919772583702
27,0.03506001263423879,0.025373762897452096,0.32817435249526217,0.3646030743314382,0.24657822699515689
28,0.03390187407875342,0.02474205095809644,0.3195409559907349,0.3640766477153085,0.2575279006106549
29,0.03242787955359023,0.024110339018740788,0.3094335649610444,0.36365550642240474,0.27016213939776795
30,0.03200673826068646,0.02326805643293325,0.3001684565171615,0.36365550642240474,0.28069067172036216
31,0.030743314381975154,0.02284691514002948,0.29311433986102337,0.36144451463465993,0.2916403453358602
32,0.030111602442619498,0.022320488523899767,0.2841650873868183,0.36007580543272266,0.3031164455674879
33,0.02926931985681196,0.022004632554221942,0.2775321120235839,0.3562855337965888,0.31469783112234156
34,0.028532322594230365,0.021057064645188462,0.2686881448726048,0.3556538218572331,0.32585807538429146
35,0.02790061065487471,0.020425352705832806,0.2623710254790482,0.35428511265529583,0.33480732785849654
36,0.027268898715519057,0.02000421141292904,0.2541587702674247,0.35249526216045485,0.3458622867972205
37,0.026321330806485577,0.019161928827121498,0.24826279216677194,0.3500736997262582,0.3559696778269109
38,0.02547904822067804,0.01874078753421773,0.24005053695514844,0.3476521372920615,0.3678669193514424
39,0.024847336281322383,0.01779321962518425,0.23436512950094757,0.34459886291850916,0.37818488102758474
40,0.02421562434196673,0.01737207833228048,0.22678458622867972,0.34428300694883135,0.3871341335017898
41,0.023583912402611075,0.017056222362602652,0.22120446409770478,0.3409138766056012,0.3970309538850284
42,0.02337334175615919,0.01695093703937671,0.2157296272899558,0.3362813223836597,0.4074542008843967
43,0.023057485786481365,0.016529795746472942,0.20878079595704357,0.333965045272689,0.41745630659086125
44,0.022952200463255423,0.016108654453569172,0.2038323857654243,0.3294377763739735,0.42745841229732573
45,0.02242577384712571,0.015792798483891344,0.19867340492735314,0.3260686460307433,0.43682880606443464
46,0.022215203200673828,0.015266371867761634,0.19330385344283008,0.3231206569804169,0.4458833438618657
47,0.021899347230996,0.014845230574857865,0.1881448726047589,0.3204885238997684,0.454411455043167
48,0.02147820593809223,0.014739945251631923,0.1831964624131396,0.3185933880817014,0.46178142766898295
49,0.021372920614866286,0.014424089281954095,0.17803748157506843,0.31480311644556747,0.4711518214360918
50,0.021057064645188462,0.014213518635502211,0.17456306590861234,0.3097494209307223,0.48020635923352284
51,0.02095177932196252,0.014213518635502211,0.1687723731311855,0.3061697199410402,0.48968203832385765
52,0.020741208675510634,0.013792377342598442,0.16308696567698464,0.30364287218361763,0.49852600547483683
53,0.02063592335228469,0.0136870920193725,0.15761212886923562,0.30101073910296905,0.5068435460096863
54,0.02063592335228469,0.013476521372920615,0.15276900400084228,0.29869446199199834,0.5142135186355022
55,0.020425352705832806,0.013371236049694672,0.14803116445567488,0.29406190777005686,0.5238997683722889
56,0.020109496736154978,0.013371236049694672,0.1448726047588966,0.28932406822488943,0.5321120235839124
57,0.01958307012002527,0.013055380080016846,0.14118761844598862,0.28553379658875555,0.5404295641187619
58,0.019477784796799326,0.01284480943356496,0.13697620551695094,0.2819540955990735,0.5485365340071594
59,0.018951358180669616,0.01273952411033902,0.1328700779111392,0.2804801010739103,0.55474836807749
60,0.01874078753421773,0.012634238787113077,0.1284480943356496,0.2769004000842283,0.5630659086123394
61,0.018424931564539903,0.012528953463887134,0.125921246578227,0.271951989892609,0.5709623078542851
62,0.01831964624131396,0.012423668140661192,0.12360496946725627,0.2683722889029269,0.5770688566013897
63,0.017898504948410193,0.012318382817435249,0.12086755106338176,0.26363444935775954,0.5850705411665614
64,0.017898504948410193,0.012107812170983365,0.11791956201305538,0.260897030953885,0.5909665192672141
65,0.017582648978732365,0.01189724152453148,0.11507685828595494,0.25594862076226577,0.5992840598020636
66,0.017582648978732365,0.011791956201305537,0.11139187197304695,0.25279006106548746,0.6062328911349758
67,0.017582648978732365,0.011581385554853654,0.10781217098336492,0.2488945041061276,0.6139187197304695
68,0.017477363655506423,0.011370814908401769,0.10486418193303854,0.2448936618235418,0.6211834070330596
69,0.01737207833228048,0.011265529585175826,0.10075805432722679,0.24120867551063382,0.6291850915982312
70,0.017266793009054537,0.011265529585175826,0.09791535060012634,0.23615497999578858,0.6371867761634028
71,0.017056222362602652,0.011265529585175826,0.09538850284270373,0.23089071383449147,0.6451884607285744
72,0.01684565171615077,0.011160244261949883,0.093072225731733,0.22467887976416087,0.6540324278795536
73,0.016740366392924828,0.011160244261949883,0.0908612339439882,0.22162560539060855,0.6594019793640766
74,0.016635081069698885,0.010949673615498,0.08791324489366183,0.21909875763318593,0.6651926721415035
75,0.016635081069698885,0.010949673615498,0.08496525584333543,0.21530848599705202,0.6719309328279638
76,0.016635081069698885,0.010949673615498,0.08328069067172036,0.21014950515898084,0.6787744788376501
77,0.016529795746472942,0.010739102969046115,0.08054327226784586,0.20688566013897663,0.6850915982312066
78,0.016424510423247,0.010423246999368288,0.07843756580332702,0.20330595914929459,0.6911981469783113
79,0.016213939776795114,0.010317961676142346,0.0764371446620341,0.20004211412929038,0.6967782691092862
80,0.015792798483891344,0.010212676352916403,0.07380501158138555,0.19740998104864182,0.702568961886713
81,0.015687513160665405,0.01000210570646452,0.07233101705622236,0.1948831332912192,0.7068856601389766
82,0.01558222783743946,0.009896820383238577,0.07064645188460729,0.19035586439250368,0.7133080648557591
83,0.015371657190987577,0.009791535060012634,0.06854074542008844,0.18761844598862917,0.7184670456938302
84,0.015055801221309749,0.009686249736786692,0.06706675089492525,0.1846704569383028,0.7233101705622236
85,0.014950515898083806,0.009686249736786692,0.06517161507685829,0.18119604127184671,0.7287850073699726
86,0.014950515898083806,0.009580964413560749,0.0634870499052432,0.17782691092861655,0.7339439882080439
87,0.014950515898083806,0.009580964413560749,0.06117077279427248,0.17382606864603076,0.7402611076016004
88,0.014845230574857865,0.009370393767108865,0.05969677826910929,0.17161507685828595,0.7442619498841861
89,0.014845230574857865,0.009054537797431038,0.05716993051168667,0.16950937039376712,0.7492103600758054
90,0.014739945251631923,0.008949252474205097,0.05516950937039377,0.16740366392924827,0.7535270583280691
91,0.014739945251631923,0.008949252474205097,0.053379658875552745,0.16508738681827753,0.7576331859338808
92,0.014424089281954095,0.008949252474205097,0.051905664350389555,0.1635081069698884,0.761002316277111
93,0.014213518635502211,0.008949252474205097,0.05022109917877448,0.16045483259633608,0.7659507264687303
94,0.014002947989050326,0.008949252474205097,0.04895767530006317,0.15845441145504316,0.7694251421351863
95,0.014002947989050326,0.008949252474205097,0.04727311012844809,0.15413771320277952,0.7754264055590651
96,0.013897662665824383,0.008843967150979154,0.045904400926510845,0.1525584333543904,0.7785849652558433
97,0.013792377342598442,0.008843967150979154,0.04421983575489577,0.15013687092019373,0.782796378184881
98,0.0136870920193725,0.008843967150979154,0.04264055590650663,0.14750473783954518,0.7871130764371447
99,0.013581806696146557,0.008843967150979154,0.04085070541166561,0.14592545799115603,0.7905874921036008
100,0.013476521372920615,0.008738681827753211,0.04011370814908402,0.14076647715308485,0.7966940408507054
101,0.013476521372920615,0.008633396504527269,0.03885028427037271,0.13866077068856603,0.8001684565171615
102,0.013371236049694672,0.008528111181301326,0.03779743103811329,0.13581806696146556,0.8042745841229733
103,0.013371236049694672,0.008317540534849443,0.03695514845230575,0.13392293114339862,0.8072225731732996
104,0.013371236049694672,0.008317540534849443,0.03590229522004632,0.13160665403242788,0.8105917035165298
105,0.013371236049694672,0.008317540534849443,0.03421773004843125,0.12981680353758687,0.8140661191829859
106,0.012950094756790903,0.0082122552116235,0.03369130343230154,0.12739524110339018,0.817540534849442
107,0.012423668140661192,0.008001684565171615,0.0335860181090756,0.12497367866919351,0.8208043798694462
108,0.011791956201305537,0.007896399241945672,0.033480732785849655,0.12276268688144873,0.8238576542429985
109,0.011265529585175826,0.00779111391871973,0.03295430616971994,0.12076226574015582,0.8270162139397768
110,0.011265529585175826,0.00779111391871973,0.032217308907138344,0.11823541798273321,0.830280058959781
111,0.011054958938723942,0.00779111391871973,0.03126974099810487,0.11665613813434407,0.8330174773636555
112,0.010949673615498,0.00779111391871973,0.03021688776584544,0.11486628763950306,0.8359654664139818
113,0.010949673615498,0.00779111391871973,0.029374605180037903,0.11265529585175826,0.8390187407875342
114,0.010844388292272057,0.007685828595493788,0.028637607917456308,0.11033901874078754,0.8422825858075385
115,0.010844388292272057,0.007685828595493788,0.028005895978100652,0.10844388292272057,0.8448094335649611
116,0.010844388292272057,0.007580543272267846,0.027374184038745,0.10644346178142768,0.8475468519688355
117,0.010844388292272057,0.007580543272267846,0.026216045483259634,0.10539060854916825,0.8497578437565804
118,0.010739102969046115,0.007580543272267846,0.025794904190355863,0.10286376079174563,0.8528111181301327
119,0.010739102969046115,0.007580543272267846,0.02505790692777427,0.10044219835754896,0.8559696778269109
120,0.010633817645820172,0.007580543272267846,0.023689197725837018,0.09896820383238576,0.8589176668772374
121,0.010633817645820172,0.007475257949041903,0.02284691514002948,0.09696778269109287,0.8618656559275637
122,0.010633817645820172,0.007475257949041903,0.022636344493577595,0.09465150558012213,0.8643925036849863
123,0.010633817645820172,0.007369972625815961,0.02242577384712571,0.09349336702463676,0.8658664982101495
124,0.010633817645820172,0.007369972625815961,0.022109917877447885,0.09212465782269952,0.8675510633817646
125,0.010423246999368288,0.007369972625815961,0.022004632554221942,0.0895978100652769,0.8703937671088651
126,0.010317961676142346,0.007369972625815961,0.021583491261318172,0.087597388923984,0.8729206148662877
127,0.010317961676142346,0.007369972625815961,0.021162349968414405,0.08591282375236892,0.8750263213308065
128,0.010317961676142346,0.007369972625815961,0.02053063802905875,0.08528111181301326,0.8762897452095177
129,0.010317961676142346,0.007369972625815961,0.01958307012002527,0.0841229732575279,0.8783954516740367
130,0.010317961676142346,0.007369972625815961,0.018846072857443674,0.08201726679300905,0.881238155401137
131,0.010212676352916403,0.007369972625815961,0.018530216887765846,0.0806485575910718,0.8830280058959781
132,0.010212676352916403,0.007369972625815961,0.01831964624131396,0.07927984838913456,0.8846072857443672
133,0.010212676352916403,0.007369972625815961,0.017687934301958308,0.07843756580332702,0.8860812802695305
134,0.010212676352916403,0.007369972625815961,0.016740366392924828,0.07706885660138976,0.8883975573805012
135,0.01010739102969046,0.007369972625815961,0.016740366392924828,0.07506843546009687,0.89050326384502
136,0.01010739102969046,0.007369972625815961,0.016424510423247,0.07296272899557801,0.8929248262792167
137,0.01010739102969046,0.007264687302590019,0.014950515898083806,0.07222573173299641,0.8952411033901874
138,0.01000210570646452,0.007264687302590019,0.014950515898083806,0.07096230785428512,0.8966098125921247
139,0.01000210570646452,0.007264687302590019,0.01463465992840598,0.06906717203621815,0.8988208043798694
140,0.01000210570646452,0.007264687302590019,0.014108233312276269,0.06790903348073278,0.9005053695514845
141,0.01000210570646452,0.007264687302590019,0.013792377342598442,0.06654032427879554,0.9021899347230996
142,0.01000210570646452,0.007264687302590019,0.0136870920193725,0.06453990313750263,0.9042956411876184
143,0.01000210570646452,0.007264687302590019,0.013265950726468731,0.06306590861233943,0.9061907770056854
144,0.01000210570646452,0.007264687302590019,0.013160665403242788,0.0622236260265319,0.9071383449147189
145,0.01000210570646452,0.007264687302590019,0.012950094756790903,0.06074963150136871,0.908822910086334
146,0.01000210570646452,0.007264687302590019,0.01284480943356496,0.05938092229943146,0.9102969046114971
147,0.01000210570646452,0.007264687302590019,0.012423668140661192,0.059170351652979576,0.9109286165508528
148,0.01000210570646452,0.007264687302590019,0.012002526847757423,0.05822278374394609,0.9122973257527901
149,0.01000210570646452,0.007159401979364077,0.011581385554853654,0.05706464518846073,0.9139818909244052
150,0.01000210570646452,0.007159401979364077,0.010949673615498,0.05611707727942725,0.9155611707727943
151,0.01000210570646452,0.007159401979364077,0.010844388292272057,0.054221941461360286,0.9175615919140871
152,0.01000210570646452,0.007159401979364077,0.010739102969046115,0.0532743735523268,0.9186144451463466
153,0.01000210570646452,0.007159401979364077,0.010528532322594231,0.05243209096651927,0.9196672983786061
154,0.01000210570646452,0.007159401979364077,0.010317961676142346,0.051905664350389555,0.9204042956411876
155,0.009896820383238577,0.007159401979364077,0.010212676352916403,0.05064224047167825,0.9218782901663508
156,0.009896820383238577,0.007159401979364077,0.009791535060012634,0.05053695514845231,0.9224047167824805
157,0.009896820383238577,0.007159401979364077,0.009686249736786692,0.04906296062328911,0.9239839966308696
158,0.009896820383238577,0.007159401979364077,0.009580964413560749,0.048220678037481576,0.9249315645399031
159,0.009896820383238577,0.007159401979364077,0.009265108443882923,0.046957254158770265,0.9265108443882922
160,0.009896820383238577,0.007159401979364077,0.008528111181301326,0.0457991156032849,0.9284059802063592
161,0.009896820383238577,0.007159401979364077,0.008317540534849443,0.04485154769425142,0.9295641187618446
162,0.009896820383238577,0.007159401979364077,0.008106969888397557,0.043588123815540114,0.9310381132870078
163,0.009896820383238577,0.007159401979364077,0.008106969888397557,0.04264055590650663,0.9319856811960413
164,0.009896820383238577,0.007159401979364077,0.007580543272267846,0.042429985260054745,0.9327226784586229
165,0.009896820383238577,0.007159401979364077,0.007264687302590019,0.041798273320699096,0.9336702463676564
166,0.009896820383238577,0.007054116656138134,0.007159401979364077,0.04042956411876184,0.9352495262160455
167,0.009896820383238577,0.007054116656138134,0.006948831332912192,0.039903137502632136,0.9359865234786271
168,0.009896820383238577,0.007054116656138134,0.00684354600968625,0.03937671088650242,0.9366182354179827
169,0.009896820383238577,0.007054116656138134,0.006527690040008423,0.03885028427037271,0.9374605180037903
170,0.009896820383238577,0.007054116656138134,0.006317119393556538,0.038639713623920824,0.9378816592966941
171,0.009896820383238577,0.007054116656138134,0.006106548747104654,0.03790271636133923,0.9388292272057275
172,0.009896820383238577,0.007054116656138134,0.006001263423878711,0.03695514845230575,0.9398820804379869
173,0.009896820383238577,0.007054116656138134,0.005790692777426827,0.036007580543272265,0.9410402189934723
174,0.009896820383238577,0.007054116656138134,0.005580122130974942,0.03548115392714256,0.9417772162560539
175,0.009896820383238577,0.007054116656138134,0.005474836807749,0.03442830069488313,0.9429353548115392
176,0.009791535060012634,0.007054116656138134,0.005474836807749,0.03421773004843125,0.9432512107812171
177,0.009791535060012634,0.007054116656138134,0.005474836807749,0.033480732785849655,0.9439882080437987
178,0.009791535060012634,0.007054116656138134,0.005474836807749,0.03253316487681617,0.9449357759528322
179,0.009791535060012634,0.007054116656138134,0.005474836807749,0.03169088229100863,0.9457780585386397
180,0.009791535060012634,0.007054116656138134,0.0052642661612971155,0.03148031164455675,0.9461991998315434
181,0.009791535060012634,0.007054116656138134,0.00505369551484523,0.03116445567487892,0.9467256264476732
182,0.009791535060012634,0.007054116656138134,0.004737839545167404,0.030848599705201096,0.9473573383870288
183,0.009791535060012634,0.007054116656138134,0.004527268898715519,0.030111602442619498,0.9483049062960623
184,0.009791535060012634,0.007054116656138134,0.004211412929037693,0.029585175826489788,0.9491471888818699
185,0.009791535060012634,0.007054116656138134,0.004211412929037693,0.028953463887134132,0.9497789008212255
186,0.009791535060012634,0.007054116656138134,0.00410612760581175,0.028005895978100652,0.950831754053485
187,0.009791535060012634,0.007054116656138134,0.00410612760581175,0.027795325331648767,0.9510423246999369
188,0.009791535060012634,0.007054116656138134,0.003895556959359865,0.027268898715519057,0.9517793219625185
189,0.009791535060012634,0.007054116656138134,0.003790271636133923,0.026847757422615286,0.9523057485786481
190,0.009791535060012634,0.007054116656138134,0.0035797009896820385,0.02600547483680775,0.9533586018109076
191,0.009791535060012634,0.007054116656138134,0.0035797009896820385,0.025584333543903978,0.9537797431038113
192,0.009791535060012634,0.007054116656138134,0.0035797009896820385,0.025268477574226154,0.9540955990734892
193,0.009791535060012634,0.007054116656138134,0.003474415666456096,0.02474205095809644,0.9547273110128448
194,0.009791535060012634,0.007054116656138134,0.003474415666456096,0.02421562434196673,0.9552537376289745
195,0.009791535060012634,0.007054116656138134,0.0033691303432301536,0.02379448304906296,0.9557801642451043
196,0.009791535060012634,0.007054116656138134,0.003158559696778269,0.023162771109707308,0.9566224468309118
197,0.009791535060012634,0.007054116656138134,0.003158559696778269,0.022741629816803537,0.9570435881238155
198,0.009791535060012634,0.007054116656138134,0.003158559696778269,0.021899347230996,0.957885870709623
199,0.009791535060012634,0.007054116656138134,0.0029479890503263844,0.02147820593809223,0.9585175826489787
200,0.009791535060012634,0.007054116656138134,0.0029479890503263844,0.021057064645188462,0.9589387239418825
201,0.009791535060012634,0.007054116656138134,0.0029479890503263844,0.020741208675510634,0.9592545799115604
202,0.009791535060012634,0.007054116656138134,0.0029479890503263844,0.01958307012002527,0.9604127184670457
203,0.009791535060012634,0.006948831332912192,0.0027374184038745,0.019056643503895555,0.9612550010528532
204,0.009791535060012634,0.006948831332912192,0.0026321330806485578,0.01831964624131396,0.9620972836386608
205,0.009791535060012634,0.006948831332912192,0.0026321330806485578,0.018214360918088018,0.9622025689618867
206,0.009791535060012634,0.006948831332912192,0.0026321330806485578,0.017898504948410193,0.9625184249315646
207,0.009791535060012634,0.006948831332912192,0.002526847757422615,0.018003790271636132,0.9625184249315646
208,0.009791535060012634,0.006948831332912192,0.002526847757422615,0.017687934301958308,0.9628342809012423
209,0.009791535060012634,0.006948831332912192,0.0023162771109707307,0.017687934301958308,0.9630448515476943
210,0.009791535060012634,0.006948831332912192,0.0023162771109707307,0.017161507685828595,0.9635712781638239
211,0.009791535060012634,0.006948831332912192,0.0023162771109707307,0.01695093703937671,0.9637818488102758
212,0.009791535060012634,0.006948831332912192,0.0023162771109707307,0.016424510423247,0.9643082754264055
213,0.009791535060012634,0.006948831332912192,0.0020004211412929036,0.01600336913034323,0.9650452726889872
214,0.009791535060012634,0.006948831332912192,0.0017898504948410192,0.015792798483891344,0.9654664139818909
215,0.009791535060012634,0.006948831332912192,0.0016845651716150768,0.01558222783743946,0.9657822699515688
216,0.009791535060012634,0.006948831332912192,0.0016845651716150768,0.015371657190987577,0.9659928405980206
217,0.009791535060012634,0.006948831332912192,0.0016845651716150768,0.015161086544535692,0.9662034112444725
218,0.009791535060012634,0.006948831332912192,0.0015792798483891346,0.014739945251631923,0.9667298378606022
219,0.009791535060012634,0.006948831332912192,0.0015792798483891346,0.014213518635502211,0.967256264476732
220,0.009791535060012634,0.006948831332912192,0.0015792798483891346,0.014108233312276269,0.9673615497999579
221,0.009791535060012634,0.006948831332912192,0.0015792798483891346,0.013581806696146557,0.9678879764160876
222,0.009791535060012634,0.006948831332912192,0.0014739945251631922,0.0136870920193725,0.9678879764160876
223,0.009791535060012634,0.006948831332912192,0.00136870920193725,0.013581806696146557,0.9680985470625395
224,0.009791535060012634,0.006948831332912192,0.00136870920193725,0.013265950726468731,0.9684144030322173
225,0.009791535060012634,0.006948831332912192,0.00136870920193725,0.013055380080016846,0.9686249736786692
226,0.009791535060012634,0.006948831332912192,0.00136870920193725,0.01273952411033902,0.968940829648347
227,0.009686249736786692,0.006948831332912192,0.0014739945251631922,0.01273952411033902,0.968940829648347
228,0.009686249736786692,0.006948831332912192,0.0014739945251631922,0.012528953463887134,0.969151400294799
229,0.009686249736786692,0.006948831332912192,0.00136870920193725,0.012528953463887134,0.9692566856180248
230,0.009686249736786692,0.006948831332912192,0.00136870920193725,0.012423668140661192,0.9693619709412508
231,0.009686249736786692,0.006948831332912192,0.0012634238787113076,0.012423668140661192,0.9694672562644767
232,0.009686249736786692,0.006948831332912192,0.0012634238787113076,0.01189724152453148,0.9699936828806064
233,0.009686249736786692,0.006948831332912192,0.0012634238787113076,0.011791956201305537,0.9700989682038323
234,0.009686249736786692,0.006948831332912192,0.0012634238787113076,0.011791956201305537,0.9700989682038323
235,0.009686249736786692,0.006948831332912192,0.0011581385554853654,0.011476100231627711,0.9705201094967362
236,0.009686249736786692,0.006948831332912192,0.0011581385554853654,0.011160244261949883,0.9708359654664139
237,0.009686249736786692,0.006948831332912192,0.0011581385554853654,0.010949673615498,0.9710465361128658
238,0.009686249736786692,0.006948831332912192,0.0011581385554853654,0.010528532322594231,0.9714676774057697
239,0.009686249736786692,0.006948831332912192,0.0011581385554853654,0.010423246999368288,0.9715729627289956
240,0.009686249736786692,0.006948831332912192,0.0011581385554853654,0.01000210570646452,0.9719941040218993
241,0.009686249736786692,0.006948831332912192,0.0011581385554853654,0.009686249736786692,0.9723099599915772
242,0.009686249736786692,0.006948831332912192,0.0011581385554853654,0.009580964413560749,0.9724152453148032
243,0.009686249736786692,0.006948831332912192,0.0011581385554853654,0.009265108443882923,0.9727311012844809
244,0.009686249736786692,0.006948831332912192,0.0011581385554853654,0.008843967150979154,0.9731522425773848
245,0.009686249736786692,0.006948831332912192,0.0010528532322594231,0.008633396504527269,0.9734680985470625
246,0.009686249736786692,0.006948831332912192,9.475679090334807E-4,0.008633396504527269,0.9735733838702885
247,0.009686249736786692,0.006948831332912192,9.475679090334807E-4,0.008528111181301326,0.9736786691935144
248,0.009686249736786692,0.006948831332912192,9.475679090334807E-4,0.008106969888397557,0.9740998104864181
249,0.009686249736786692,0.006948831332912192,9.475679090334807E-4,0.008001684565171615,0.9742050958096441
250,0.009686249736786692,0.006948831332912192,9.475679090334807E-4,0.007896399241945672,0.97431038113287
251,0.009686249736786692,0.006948831332912192,9.475679090334807E-4,0.007685828595493788,0.974520951779322
252,0.009686249736786692,0.006948831332912192,9.475679090334807E-4,0.007580543272267846,0.9746262371025479
253,0.009686249736786692,0.006948831332912192,9.475679090334807E-4,0.007475257949041903,0.9747315224257739
254,0.009686249736786692,0.006948831332912192,9.475679090334807E-4,0.007475257949041903,0.9747315224257739
255,0.009686249736786692,0.006948831332912192,9.475679090334807E-4,0.007264687302590019,0.9749420930722257
256,0.009686249736786692,0.006948831332912192,9.475679090334807E-4,0.007054116656138134,0.9751526637186776
257,0.009686249736786692,0.006948831332912192,8.422825858075384E-4,0.007054116656138134,0.9752579490419035
258,0.009686249736786692,0.006948831332912192,8.422825858075384E-4,0.006948831332912192,0.9753632343651295
259,0.009686249736786692,0.006948831332912192,7.369972625815961E-4,0.00684354600968625,0.9755738050115814
260,0.009686249736786692,0.006948831332912192,7.369972625815961E-4,0.00684354600968625,0.9755738050115814
261,0.009686249736786692,0.006948831332912192,7.369972625815961E-4,0.00684354600968625,0.9755738050115814
262,0.009686249736786692,0.006948831332912192,7.369972625815961E-4,0.00684354600968625,0.9755738050115814
263,0.009686249736786692,0.006948831332912192,7.369972625815961E-4,0.00684354600968625,0.9755738050115814
264,0.009686249736786692,0.006948831332912192,7.369972625815961E-4,0.006527690040008423,0.9758896609812592
265,0.009686249736786692,0.006948831332912192,7.369972625815961E-4,0.00642240471678248,0.9759949463044851
266,0.009686249736786692,0.006948831332912192,6.317119393556538E-4,0.006317119393556538,0.976205516950937
267,0.009686249736786692,0.006948831332912192,6.317119393556538E-4,0.006106548747104654,0.976416087597389
268,0.009686249736786692,0.006948831332912192,6.317119393556538E-4,0.005895978100652769,0.9766266582438408
269,0.009686249736786692,0.006948831332912192,6.317119393556538E-4,0.005790692777426827,0.9767319435670667
270,0.009686249736786692,0.006948831332912192,6.317119393556538E-4,0.005790692777426827,0.9767319435670667
271,0.009686249736786692,0.006948831332912192,6.317119393556538E-4,0.005474836807749,0.9770477995367446
272,0.009686249736786692,0.006948831332912192,6.317119393556538E-4,0.0052642661612971155,0.9772583701831965
273,0.009686249736786692,0.006948831332912192,6.317119393556538E-4,0.005158980838071173,0.9773636555064225
274,0.009686249736786692,0.006948831332912192,6.317119393556538E-4,0.00505369551484523,0.9774689408296483
275,0.009686249736786692,0.006948831332912192,5.264266161297116E-4,0.004843124868393346,0.9777847967993262
276,0.009686249736786692,0.006948831332912192,3.158559696778269E-4,0.0049484101916192885,0.9778900821225521
277,0.009686249736786692,0.006948831332912192,3.158559696778269E-4,0.0049484101916192885,0.9778900821225521
278,0.009686249736786692,0.006948831332912192,3.158559696778269E-4,0.004632554221941461,0.97820593809223
279,0.009686249736786692,0.006948831332912192,3.158559696778269E-4,0.004632554221941461,0.97820593809223
280,0.009686249736786692,0.006948831332912192,3.158559696778269E-4,0.004632554221941461,0.97820593809223
281,0.009686249736786692,0.006948831332912192,3.158559696778269E-4,0.004632554221941461,0.97820593809223
282,0.009686249736786692,0.006948831332912192,3.158559696778269E-4,0.004632554221941461,0.97820593809223
283,0.009686249736786692,0.006948831332912192,3.158559696778269E-4,0.004527268898715519,0.9783112234154558
284,0.009686249736786692,0.006948831332912192,2.105706464518846E-4,0.004527268898715519,0.9784165087386818
285,0.009686249736786692,0.006948831332912192,2.105706464518846E-4,0.004527268898715519,0.9784165087386818
286,0.009686249736786692,0.006948831332912192,2.105706464518846E-4,0.004421983575489577,0.9785217940619078
287,0.009686249736786692,0.006948831332912192,2.105706464518846E-4,0.004421983575489577,0.9785217940619078
288,0.009686249736786692,0.006948831332912192,2.105706464518846E-4,0.004316698252263634,0.9786270793851337
289,0.009686249736786692,0.006948831332912192,2.105706464518846E-4,0.004211412929037693,0.9787323647083597
290,0.009686249736786692,0.006948831332912192,2.105706464518846E-4,0.00410612760581175,0.9788376500315856
291,0.009686249736786692,0.006948831332912192,2.105706464518846E-4,0.00410612760581175,0.9788376500315856
292,0.009686249736786692,0.006948831332912192,2.105706464518846E-4,0.004000842282585807,0.9789429353548116
293,0.009686249736786692,0.006948831332912192,2.105706464518846E-4,0.004000842282585807,0.9789429353548116
294,0.009686249736786692,0.006948831332912192,1.052853232259423E-4,0.003895556959359865,0.9791535060012634
295,0.009686249736786692,0.006948831332912192,1.052853232259423E-4,0.003790271636133923,0.9792587913244893
296,0.009686249736786692,0.006948831332912192,1.052853232259423E-4,0.003790271636133923,0.9792587913244893
297,0.009686249736786692,0.006948831332912192,1.052853232259423E-4,0.0035797009896820385,0.9794693619709413
298,0.009686249736786692,0.006948831332912192,1.052853232259423E-4,0.003474415666456096,0.9795746472941672
299,0.009686249736786692,0.006948831332912192,1.052853232259423E-4,0.0033691303432301536,0.9796799326173932
300,0.009686249736786692,0.006948831332912192,1.052853232259423E-4,0.0033691303432301536,0.9796799326173932
301,0.009686249736786692,0.006948831332912192,1.052853232259423E-4,0.0032638450200042114,0.9797852179406191
302,0.009686249736786692,0.006948831332912192,0.0,0.0033691303432301536,0.9797852179406191
303,0.009686249736786692,0.006948831332912192,0.0,0.0032638450200042114,0.979890503263845
304,0.009686249736786692,0.006948831332912192,0.0,0.0029479890503263844,0.9802063592335228
305,0.009686249736786692,0.006948831332912192,0.0,0.002842703727100442,0.9803116445567488
306,0.009686249736786692,0.006948831332912192,0.0,0.0027374184038745,0.9804169298799748
307,0.009686249736786692,0.006948831332912192,0.0,0.0027374184038745,0.9804169298799748
308,0.009686249736786692,0.006948831332912192,0.0,0.0027374184038745,0.9804169298799748
309,0.009686249736786692,0.006948831332912192,0.0,0.0026321330806485578,0.9805222152032007
310,0.009686249736786692,0.006948831332912192,0.0,0.0026321330806485578,0.9805222152032007
311,0.009686249736786692,0.006948831332912192,0.0,0.0026321330806485578,0.9805222152032007
312,0.009686249736786692,0.006948831332912192,0.0,0.0026321330806485578,0.9805222152032007
313,0.009686249736786692,0.006948831332912192,0.0,0.002526847757422615,0.9806275005264267
314,0.009686249736786692,0.006948831332912192,0.0,0.002421562434196673,0.9807327858496525
315,0.009686249736786692,0.006948831332912192,0.0,0.002421562434196673,0.9807327858496525
316,0.009686249736786692,0.006948831332912192,0.0,0.002421562434196673,0.9807327858496525
317,0.009686249736786692,0.006948831332912192,0.0,0.0022109917877447885,0.9809433564961044
318,0.009686249736786692,0.006948831332912192,0.0,0.0022109917877447885,0.9809433564961044
319,0.009686249736786692,0.006948831332912192,0.0,0.0020004211412929036,0.9811539271425563
320,0.009686249736786692,0.006948831332912192,0.0,0.0020004211412929036,0.9811539271425563
321,0.009686249736786692,0.006948831332912192,0.0,0.0018951358180669614,0.9812592124657823
322,0.009686249736786692,0.006948831332912192,0.0,0.0017898504948410192,0.9813644977890082
323,0.009686249736786692,0.006948831332912192,0.0,0.0016845651716150768,0.9814697831122342
324,0.009686249736786692,0.006948831332912192,0.0,0.0015792798483891346,0.98157506843546
325,0.009686249736786692,0.006948831332912192,0.0,0.0015792798483891346,0.98157506843546
326,0.009686249736786692,0.006948831332912192,0.0,0.0015792798483891346,0.98157506843546
327,0.009686249736786692,0.006948831332912192,0.0,0.0014739945251631922,0.981680353758686
328,0.009686249736786692,0.006948831332912192,0.0,0.0014739945251631922,0.981680353758686
329,0.009686249736786692,0.006948831332912192,0.0,0.0012634238787113076,0.9818909244051379
330,0.009686249736786692,0.006948831332912192,0.0,0.0012634238787113076,0.9818909244051379
331,0.009686249736786692,0.006948831332912192,0.0,0.0012634238787113076,0.9818909244051379
332,0.009686249736786692,0.006948831332912192,0.0,0.0011581385554853654,0.9819962097283639
333,0.009686249736786692,0.006948831332912192,0.0,0.0010528532322594231,0.9821014950515898
334,0.009686249736786692,0.006948831332912192,0.0,0.0010528532322594231,0.9821014950515898
335,0.009686249736786692,0.006948831332912192,0.0,0.0010528532322594231,0.9821014950515898
336,0.009686249736786692,0.006948831332912192,0.0,0.0010528532322594231,0.9821014950515898
337,0.009686249736786692,0.006948831332912192,0.0,0.0010528532322594231,0.9821014950515898
338,0.009686249736786692,0.006948831332912192,0.0,0.0010528532322594231,0.9821014950515898
339,0.009686249736786692,0.006948831332912192,0.0,0.0010528532322594231,0.9821014950515898
340,0.009686249736786692,0.006948831332912192,0.0,0.0010528532322594231,0.9821014950515898
341,0.009686249736786692,0.006948831332912192,0.0,0.0010528532322594231,0.9821014950515898
342,0.009686249736786692,0.006948831332912192,0.0,9.475679090334807E-4,0.9822067803748158
343,0.009686249736786692,0.006948831332912192,0.0,9.475679090334807E-4,0.9822067803748158
344,0.009686249736786692,0.006948831332912192,0.0,9.475679090334807E-4,0.9822067803748158
345,0.009686249736786692,0.006948831332912192,0.0,8.422825858075384E-4,0.9823120656980417
346,0.009686249736786692,0.006948831332912192,0.0,8.422825858075384E-4,0.9823120656980417
347,0.009686249736786692,0.006948831332912192,0.0,7.369972625815961E-4,0.9824173510212676
348,0.009686249736786692,0.006948831332912192,0.0,6.317119393556538E-4,0.9825226363444935
349,0.009686249736786692,0.006948831332912192,0.0,6.317119393556538E-4,0.9825226363444935
350,0.009686249736786692,0.006948831332912192,0.0,6.317119393556538E-4,0.9825226363444935
351,0.009686249736786692,0.006948831332912192,0.0,6.317119393556538E-4,0.9825226363444935
352,0.009686249736786692,0.006948831332912192,0.0,6.317119393556538E-4,0.9825226363444935
353,0.009686249736786692,0.006948831332912192,0.0,6.317119393556538E-4,0.9825226363444935
354,0.009686249736786692,0.006948831332912192,0.0,6.317119393556538E-4,0.9825226363444935
355,0.009686249736786692,0.006948831332912192,0.0,6.317119393556538E-4,0.9825226363444935
356,0.009686249736786692,0.006948831332912192,0.0,6.317119393556538E-4,0.9825226363444935
357,0.009686249736786692,0.006948831332912192,0.0,5.264266161297116E-4,0.9826279216677195
358,0.009686249736786692,0.006948831332912192,0.0,5.264266161297116E-4,0.9826279216677195
359,0.009686249736786692,0.006948831332912192,0.0,5.264266161297116E-4,0.9826279216677195
360,0.009686249736786692,0.006948831332912192,0.0,5.264266161297116E-4,0.9826279216677195
361,0.009686249736786692,0.006948831332912192,0.0,4.211412929037692E-4,0.9827332069909455
362,0.009686249736786692,0.006948831332912192,0.0,4.211412929037692E-4,0.9827332069909455
363,0.009686249736786692,0.006948831332912192,0.0,4.211412929037692E-4,0.9827332069909455
364,0.009686249736786692,0.006948831332912192,0.0,4.211412929037692E-4,0.9827332069909455
365,0.009686249736786692,0.006948831332912192,0.0,4.211412929037692E-4,0.9827332069909455
366,0.009686249736786692,0.006948831332912192,0.0,4.211412929037692E-4,0.9827332069909455
367,0.009686249736786692,0.006948831332912192,0.0,4.211412929037692E-4,0.9827332069909455
368,0.009686249736786692,0.006948831332912192,0.0,4.211412929037692E-4,0.9827332069909455
369,0.009686249736786692,0.006948831332912192,0.0,4.211412929037692E-4,0.9827332069909455
370,0.009686249736786692,0.006948831332912192,0.0,4.211412929037692E-4,0.9827332069909455
371,0.009686249736786692,0.006948831332912192,0.0,4.211412929037692E-4,0.9827332069909455
372,0.009686249736786692,0.006948831332912192,0.0,4.211412929037692E-4,0.9827332069909455
373,0.009686249736786692,0.006948831332912192,0.0,4.211412929037692E-4,0.9827332069909455
374,0.009686249736786692,0.006948831332912192,0.0,4.211412929037692E-4,0.9827332069909455
375,0.009686249736786692,0.006948831332912192,0.0,4.211412929037692E-4,0.9827332069909455
376,0.009686249736786692,0.006948831332912192,0.0,4.211412929037692E-4,0.9827332069909455
377,0.009686249736786692,0.006948831332912192,0.0,4.211412929037692E-4,0.9827332069909455
378,0.009686249736786692,0.006948831332912192,0.0,4.211412929037692E-4,0.9827332069909455
379,0.009686249736786692,0.006948831332912192,0.0,4.211412929037692E-4,0.9827332069909455
380,0.009686249736786692,0.006948831332912192,0.0,4.211412929037692E-4,0.9827332069909455
381,0.009686249736786692,0.006948831332912192,0.0,4.211412929037692E-4,0.9827332069909455
382,0.009686249736786692,0.006948831332912192,0.0,4.211412929037692E-4,0.9827332069909455
383,0.009686249736786692,0.006948831332912192,0.0,4.211412929037692E-4,0.9827332069909455
384,0.009686249736786692,0.006948831332912192,0.0,3.158559696778269E-4,0.9828384923141714
385,0.009686249736786692,0.006948831332912192,0.0,3.158559696778269E-4,0.9828384923141714
386,0.009686249736786692,0.006948831332912192,0.0,3.158559696778269E-4,0.9828384923141714
387,0.009686249736786692,0.006948831332912192,0.0,2.105706464518846E-4,0.9829437776373974
388,0.009686249736786692,0.006948831332912192,0.0,2.105706464518846E-4,0.9829437776373974
389,0.009686249736786692,0.006948831332912192,0.0,2.105706464518846E-4,0.9829437776373974
390,0.009686249736786692,0.006948831332912192,0.0,2.105706464518846E-4,0.9829437776373974
391,0.009686249736786692,0.006948831332912192,0.0,2.105706464518846E-4,0.9829437776373974
392,0.009686249736786692,0.006948831332912192,0.0,2.105706464518846E-4,0.9829437776373974
393,0.009686249736786692,0.006948831332912192,0.0,2.105706464518846E-4,0.9829437776373974
394,0.009686249736786692,0.006948831332912192,0.0,2.105706464518846E-4,0.9829437776373974
395,0.009686249736786692,0.006948831332912192,0.0,2.105706464518846E-4,0.9829437776373974
396,0.009686249736786692,0.006948831332912192,0.0,2.105706464518846E-4,0.9829437776373974
397,0.009686249736786692,0.006948831332912192,0.0,1.052853232259423E-4,0.9830490629606233
398,0.009686249736786692,0.006948831332912192,0.0,1.052853232259423E-4,0.9830490629606233
399,0.009686249736786692,0.006948831332912192,0.0,1.052853232259423E-4,0.9830490629606233
400,0.009686249736786692,0.006948831332912192,0.0,1.052853232259423E-4,0.9830490629606233
401,0.009686249736786692,0.006948831332912192,0.0,1.052853232259423E-4,0.9830490629606233
402,0.009686249736786692,0.006948831332912192,0.0,1.052853232259423E-4,0.9830490629606233
403,0.009686249736786692,0.006948831332912192,0.0,1.052853232259423E-4,0.9830490629606233
404,0.009686249736786692,0.006948831332912192,0.0,1.052853232259423E-4,0.9830490629606233
405,0.009686249736786692,0.006948831332912192,0.0,1.052853232259423E-4,0.9830490629606233
406,0.009686249736786692,0.006948831332912192,0.0,1.052853232259423E-4,0.9830490629606233
407,0.009686249736786692,0.006948831332912192,0.0,1.052853232259423E-4,0.9830490629606233
408,0.009686249736786692,0.006948831332912192,0.0,1.052853232259423E-4,0.9830490629606233
409,0.009686249736786692,0.006948831332912192,0.0,1.052853232259423E-4,0.9830490629606233
410,0.009686249736786692,0.006948831332912192,0.0,1.052853232259423E-4,0.9830490629606233
411,0.009686249736786692,0.006948831332912192,0.0,1.052853232259423E-4,0.9830490629606233
412,0.009686249736786692,0.006948831332912192,0.0,1.052853232259423E-4,0.9830490629606233
413,0.009686249736786692,0.006948831332912192,0.0,1.052853232259423E-4,0.9830490629606233
414,0.009686249736786692,0.006948831332912192,0.0,1.052853232259423E-4,0.9830490629606233
415,0.009686249736786692,0.006948831332912192,0.0,1.052853232259423E-4,0.9830490629606233
416,0.009686249736786692,0.006948831332912192,0.0,0.0,0.9831543482838492
417,0.009686249736786692,0.006948831332912192,0.0,0.0,0.9831543482838492
418,0.009686249736786692,0.006948831332912192,0.0,0.0,0.9831543482838492
419,0.009686249736786692,0.006948831332912192,0.0,0.0,0.9831543482838492
420,0.009686249736786692,0.006948831332912192,0.0,0.0,0.9831543482838492
421,0.009686249736786692,0.006948831332912192,0.0,0.0,0.9831543482838492
422,0.009686249736786692,0.006948831332912192,0.0,0.0,0.9831543482838492
423,0.009686249736786692,0.006948831332912192,0.0,0.0,0.9831543482838492
424,0.009686249736786692,0.006948831332912192,0.0,0.0,0.9831543482838492
425,0.009686249736786692,0.006948831332912192,0.0,0.0,0.9831543482838492
426,0.009686249736786692,0.006948831332912192,0.0,0.0,0.9831543482838492
427,0.009686249736786692,0.006948831332912192,0.0,0.0,0.9831543482838492
428,0.009686249736786692,0.006948831332912192,0.0,0.0,0.9831543482838492
429,0.009686249736786692,0.006948831332912192,0.0,0.0,0.9831543482838492
430,0.009686249736786692,0.006948831332912192,0.0,0.0,0.9831543482838492
431,0.009686249736786692,0.006948831332912192,0.0,0.0,0.9831543482838492
432,0.009686249736786692,0.006948831332912192,0.0,0.0,0.9831543482838492
433,0.009686249736786692,0.006948831332912192,0.0,0.0,0.9831543482838492
434,0.009686249736786692,0.006948831332912192,0.0,0.0,0.9831543482838492
435,0.009686249736786692,0.006948831332912192,0.0,0.0,0.9831543482838492
436,0.009686249736786692,0.006948831332912192,0.0,0.0,0.9831543482838492
437,0.009686249736786692,0.006948831332912192,0.0,0.0,0.9831543482838492
438,0.009686249736786692,0.006948831332912192,0.0,0.0,0.9831543482838492
439,0.009686249736786692,0.006948831332912192,0.0,0.0,0.9831543482838492
440,0.009686249736786692,0.006948831332912192,0.0,0.0,0.9831543482838492
441,0.009686249736786692,0.006948831332912192,0.0,0.0,0.9831543482838492
442,0.009686249736786692,0.006948831332912192,0.0,0.0,0.9831543482838492
443,0.009686249736786692,0.006948831332912192,0.0,0.0,0.9831543482838492
444,0.009686249736786692,0.006948831332912192,0.0,0.0,0.9831543482838492
445,0.009686249736786692,0.006948831332912192,0.0,0.0,0.9831543482838492
446,0.009686249736786692,0.006948831332912192,0.0,0.0,0.9831543482838492
447,0.009686249736786692,0.006948831332912192,0.0,0.0,0.9831543482838492
448,0.009686249736786692,0.006948831332912192,0.0,0.0,0.9831543482838492
449,0.009686249736786692,0.006948831332912192,0.0,0.0,0.9831543482838492
450,0.009686249736786692,0.006948831332912192,0.0,0.0,0.9831543482838492
451,0.009686249736786692,0.006948831332912192,0.0,0.0,0.9831543482838492
452,0.009686249736786692,0.006948831332912192,0.0,0.0,0.9831543482838492
453,0.009686249736786692,0.006948831332912192,0.0,0.0,0.9831543482838492
454,0.009686249736786692,0.006948831332912192,0.0,0.0,0.9831543482838492
455,0.009686249736786692,0.006948831332912192,0.0,0.0,0.9831543482838492
456,0.009686249736786692,0.006948831332912192,0.0,0.0,0.9831543482838492
457,0.009686249736786692,0.006948831332912192,0.0,0.0,0.9831543482838492
458,0.009686249736786692,0.006948831332912192,0.0,0.0,0.9831543482838492
459,0.009686249736786692,0.006948831332912192,0.0,0.0,0.9831543482838492
460,0.009686249736786692,0.006948831332912192,0.0,0.0,0.9831543482838492
461,0.009686249736786692,0.006948831332912192,0.0,0.0,0.9831543482838492
462,0.009686249736786692,0.006948831332912192,0.0,0.0,0.9831543482838492
463,0.009686249736786692,0.006948831332912192,0.0,0.0,0.9831543482838492
464,0.009686249736786692,0.006948831332912192,0.0,0.0,0.9831543482838492
465,0.009686249736786692,0.006948831332912192,0.0,0.0,0.9831543482838492
466,0.009686249736786692,0.006948831332912192,0.0,0.0,0.9831543482838492
467,0.009686249736786692,0.006948831332912192,0.0,0.0,0.9831543482838492
468,0.009686249736786692,0.006948831332912192,0.0,0.0,0.9831543482838492
469,0.009686249736786692,0.006948831332912192,0.0,0.0,0.9831543482838492
470,0.009686249736786692,0.006948831332912192,0.0,0.0,0.9831543482838492
471,0.009686249736786692,0.006948831332912192,0.0,0.0,0.9831543482838492
472,0.009686249736786692,0.006948831332912192,0.0,0.0,0.9831543482838492
473,0.009686249736786692,0.006948831332912192,0.0,0.0,0.9831543482838492
474,0.009686249736786692,0.006948831332912192,0.0,0.0,0.9831543482838492
475,0.009686249736786692,0.006948831332912192,0.0,-1.052853232259423E-4,0.9832596336070751
476,0.009686249736786692,0.006948831332912192,0.0,-1.052853232259423E-4,0.9832596336070751
477,0.009686249736786692,0.006948831332912192,0.0,-1.052853232259423E-4,0.9832596336070751
478,0.009686249736786692,0.006948831332912192,0.0,-1.052853232259423E-4,0.9832596336070751
479,0.009686249736786692,0.006948831332912192,0.0,-1.052853232259423E-4,0.9832596336070751
480,0.009686249736786692,0.006948831332912192,0.0,-1.052853232259423E-4,0.9832596336070751
481,0.009686249736786692,0.006948831332912192,0.0,-1.052853232259423E-4,0.9832596336070751
482,0.009686249736786692,0.006948831332912192,0.0,-1.052853232259423E-4,0.9832596336070751
483,0.009686249736786692,0.006948831332912192,0.0,-1.052853232259423E-4,0.9832596336070751
484,0.009686249736786692,0.006948831332912192,0.0,-1.052853232259423E-4,0.9832596336070751
485,0.009686249736786692,0.006948831332912192,0.0,-1.052853232259423E-4,0.9832596336070751
486,0.009686249736786692,0.006948831332912192,0.0,-1.052853232259423E-4,0.9832596336070751
487,0.009686249736786692,0.006948831332912192,0.0,-1.052853232259423E-4,0.9832596336070751
488,0.009686249736786692,0.006948831332912192,0.0,-1.052853232259423E-4,0.9832596336070751
489,0.009686249736786692,0.006948831332912192,0.0,-1.052853232259423E-4,0.9832596336070751
490,0.009686249736786692,0.006948831332912192,0.0,-1.052853232259423E-4,0.9832596336070751
491,0.009686249736786692,0.006948831332912192,0.0,-1.052853232259423E-4,0.9832596336070751
492,0.009686249736786692,0.006948831332912192,0.0,-1.052853232259423E-4,0.9832596336070751
493,0.009686249736786692,0.006948831332912192,0.0,-1.052853232259423E-4,0.9832596336070751
494,0.009686249736786692,0.006948831332912192,0.0,-1.052853232259423E-4,0.9832596336070751
495,0.009686249736786692,0.006948831332912192,0.0,-1.052853232259423E-4,0.9832596336070751
496,0.009686249736786692,0.006948831332912192,0.0,-1.052853232259423E-4,0.9832596336070751
497,0.009686249736786692,0.006948831332912192,0.0,-1.052853232259423E-4,0.9832596336070751
498,0.009686249736786692,0.006948831332912192,0.0,-1.052853232259423E-4,0.9832596336070751
499,0.009686249736786692,0.006948831332912192,0.0,-1.052853232259423E-4,0.9832596336070751
