0,0.695,0.3,0,0.005,0
1,0.5739102969046115,0.2726889871551906,0.11886712992208887,0.03390187407875342,4.211412929037692E-4
2,0.4445146346599284,0.23678669193514423,0.2434196672983786,0.07327858496525584,0.0017898504948410192
3,0.3308064855759107,0.19351442408928196,0.34891556117077277,0.12213097494209307,0.004421983575489577
4,0.2526847757422615,0.15961255001052854,0.4166140240050537,0.16182354179827332,0.009054537797431038
5,0.20530638029058748,0.13497578437565802,0.450726468730259,0.19414613602863762,0.01463465992840598
6,0.1662455253737629,0.11665613813434407,0.4766266582438408,0.21909875763318593,0.021162349968414405
7,0.13897662665824384,0.10075805432722679,0.49094546220256896,0.24026110760160033,0.02884817856390819
8,0.12044640977047799,0.09012423668140661,0.496315013687092,0.2551063381764582,0.03779743103811329
9,0.10939145083175406,0.0813855548536534,0.4933670246367656,0.26816171825647506,0.04748368077489998
10,0.09528321751947778,0.0724363023794483,0.4941040218993472,0.2821646662455254,0.05580122130974942
11,0.08570225310591703,0.06632975363234365,0.48704990524320907,0.2969046114971573,0.06380290587492103
12,0.07727942724784165,0.06074963150136871,0.4806275005264266,0.308380711728785,0.07275215834912613
13,0.07033059591492946,0.05516950937039377,0.4717835333754475,0.3180669614655717,0.08443882922720573
14,0.06517161507685829,0.05095809644135608,0.4633607075173721,0.3240682248894504,0.09623078542851127
15,0.06043377553169088,0.046957254158770265,0.45609602021478207,0.32922720572752157,0.10707517372078332
16,0.05780164245104232,0.044009265108443885,0.44272478416508737,0.33743946093914506,0.11781427668982944
17,0.05432722678458623,0.04116656138134344,0.4317751105495894,0.3452305748578648,0.12728995578016425
18,0.0512739524110339,0.03885028427037271,0.419667298378606,0.3513371236049695,0.13866077068856603
19,0.04758896609812592,0.03748157506843546,0.40998104864181933,0.3553379658875553,0.14939987365761212
20,0.04485154769425142,0.035375868603916616,0.4025057906927774,0.35775952832175195,0.1592966940408507
21,0.04337755316908823,0.033480732785849655,0.39281954095599075,0.3606022320488524,0.16950937039376712
22,0.04116656138134344,0.03200673826068646,0.38408085912823753,0.3629185091598231,0.17961676142345756
23,0.03895556959359865,0.03021688776584544,0.374078753421773,0.36597178353337545,0.19056643503895557
24,0.036849863129079806,0.029164034533586018,0.3648136449778901,0.36765634870499053,0.2013055380080017
25,0.034954727311012845,0.028005895978100652,0.35512739524110337,0.3693409138766056,0.21236049694672562
26,0.03316487681617183,0.026742472099389344,0.34659928405980206,0.36860391661402403,0.22467887976416087
27,0.03242787955359023,0.025373762897452096,0.33607075173720785,0.3710254790482207,0.23489155611707727
28,0.03095388502842704,0.02474205095809644,0.3282796378184881,0.37028848178563906,0.24552537376289746
29,0.030322173089071383,0.02379448304906296,0.3195409559907349,0.37018319646241316,0.25594862076226577
30,0.029164034533586018,0.023057485786481365,0.3111181301326595,0.3680774899978943,0.2683722889029269
31,0.028111181301326595,0.021688776584544114,0.30301116024426195,0.3698673404927353,0.27711097073068014
32,0.02705832806906717,0.021162349968414405,0.29374605180037905,0.3700779111391872,0.2877447883765003
33,0.026321330806485577,0.019898926089703096,0.28584965255843336,0.3698673404927353,0.2978521794061908
34,0.024952621604548326,0.019161928827121498,0.2781638239629396,0.37018319646241316,0.3073278584965256
35,0.024005053695514846,0.01831964624131396,0.26995156875131604,0.36944619919983157,0.3180669614655717
36,0.023057485786481365,0.018109075594862075,0.2620551695093704,0.3684986312907981,0.3280690671720362
37,0.022215203200673828,0.017687934301958308,0.2568961886712992,0.3643925036849863,0.3385975994946305
38,0.02147820593809223,0.017477363655506423,0.2488945041061276,0.3648136449778901,0.3471257106759318
39,0.021057064645188462,0.01684565171615077,0.24152453148031164,0.36365550642240474,0.3567066750894925
40,0.02063592335228469,0.016740366392924828,0.23362813223836598,0.36102337334175616,0.3677616340282165
41,0.01958307012002527,0.016424510423247,0.2286797220467467,0.35712781638239627,0.3779743103811329
42,0.018846072857443674,0.015898083807117287,0.2222573173299642,0.3543903979785218,0.38839755738050113
43,0.018424931564539903,0.01547694251421352,0.21562434196672983,0.3534428300694883,0.39682038323857655
44,0.017582648978732365,0.014845230574857865,0.21151821436091808,0.35081069698883977,0.40503263845020004
45,0.017161507685828595,0.014739945251631923,0.20551695093703937,0.34923141714045064,0.4131396083385976
46,0.017056222362602652,0.014529374605180037,0.1993051168667088,0.3457570014739945,0.4231417140450621
47,0.016424510423247,0.014318803958728154,0.19551484523057486,0.3395451674036639,0.4339861023373342
48,0.016108654453569172,0.013897662665824383,0.19025057906927775,0.3353337544746262,0.4441987786902506
49,0.01558222783743946,0.013792377342598442,0.18582859549378816,0.330280058959781,0.45430616971994103
50,0.014950515898083806,0.013476521372920615,0.1814066119182986,0.3277532112023584,0.4622025689618867
51,0.01463465992840598,0.013160665403242788,0.17730048431248685,0.3237523689197726,0.47094125078963994
52,0.014213518635502211,0.013055380080016846,0.173404927353127,0.3200673826068646,0.4790482206780375
53,0.014213518635502211,0.012950094756790903,0.1687723731311855,0.3158559696778269,0.48799747315224257
54,0.014002947989050326,0.01273952411033902,0.1637186776163403,0.3113287007791114,0.4979995788587071
55,0.0136870920193725,0.012634238787113077,0.1592966940408507,0.30817014108233315,0.5060012634238787
56,0.013371236049694672,0.012423668140661192,0.15508528111181302,0.3040640134765214,0.5148452305748579
57,0.013055380080016846,0.012423668140661192,0.15034744156664562,0.30027374184038746,0.523689197725837
58,0.01284480943356496,0.012107812170983365,0.14655716993051168,0.29700989682038326,0.5312697409981049
59,0.012528953463887134,0.012107812170983365,0.14224047167824805,0.29248262792166774,0.5404295641187619
60,0.012213097494209308,0.012002526847757423,0.13855548536534007,0.2884817856390819,0.5485365340071594
61,0.011791956201305537,0.011791956201305537,0.13497578437565802,0.2850073699726258,0.5562223626026532
62,0.011686670878079595,0.011370814908401769,0.1311855127395241,0.28069067172036216,0.5648557591071804
63,0.011476100231627711,0.010844388292272057,0.1279216677195199,0.2784796799326174,0.5710675931775111
64,0.011476100231627711,0.010844388292272057,0.12360496946725627,0.27584754685196883,0.5780164245104232
65,0.011370814908401769,0.010528532322594231,0.1202358391240261,0.2713202779532533,0.5863339650452727
66,0.011370814908401769,0.010423246999368288,0.1169719941040219,0.26889871551905664,0.5921246578226995
67,0.011265529585175826,0.010317961676142346,0.11212886923562855,0.26721415034744156,0.5988629185091598
68,0.011265529585175826,0.010317961676142346,0.10833859759949463,0.26616129711518216,0.6037060433775532
69,0.011265529585175826,0.01010739102969046,0.1047588966098126,0.26194988418614445,0.6117077279427248
70,0.010844388292272057,0.009791535060012634,0.10191619288271216,0.25773847125710675,0.6194988418614445
71,0.010633817645820172,0.009791535060012634,0.09991577174141925,0.25300063171193937,0.6264476731943567
72,0.010633817645820172,0.009580964413560749,0.0965466413981891,0.24952621604548325,0.6335017898504949
73,0.010633817645820172,0.009475679090334808,0.0935986523478627,0.2476310802274163,0.6384502000421142
74,0.010633817645820172,0.009370393767108865,0.09065066329753632,0.24468309117708992,0.6444514634659928
75,0.010528532322594231,0.009265108443882923,0.08791324489366183,0.24026110760160033,0.6518214360918088
76,0.010528532322594231,0.009265108443882923,0.0853863971362392,0.23636555064224046,0.6582438408085913
77,0.010423246999368288,0.00915982312065698,0.08338597599494631,0.23236470835965467,0.6644556748789219
78,0.01000210570646452,0.009054537797431038,0.08159612550010528,0.22973257527900612,0.6694040850705412
79,0.01000210570646452,0.009054537797431038,0.07906927774268267,0.22562644767319437,0.6760370604337755
80,0.009896820383238577,0.009054537797431038,0.07770056854074542,0.22215203200673825,0.6809854706253948
81,0.009896820383238577,0.009054537797431038,0.07475257949041904,0.21857233101705623,0.6875131606654032
82,0.009896820383238577,0.008949252474205097,0.07285744367235207,0.21583491261318172,0.6922510002105706
83,0.009791535060012634,0.008843967150979154,0.07106759317751106,0.21193935565382185,0.6981469783112234
84,0.009791535060012634,0.008738681827753211,0.06906717203621815,0.2093072225731733,0.7028848178563908
85,0.009791535060012634,0.008738681827753211,0.06654032427879554,0.20667508949252475,0.708043798694462
86,0.009791535060012634,0.008528111181301326,0.06432933249105074,0.20393767108865024,0.7132027795325332
87,0.009791535060012634,0.008422825858075385,0.062118340703305956,0.20067382606864603,0.7187829016635081
88,0.009791535060012634,0.008422825858075385,0.059802063592335225,0.19698883975573805,0.7247841650873869
89,0.009580964413560749,0.008422825858075385,0.059065066329753634,0.1921457148873447,0.7305748578648137
90,0.009580964413560749,0.008422825858075385,0.057275215834912616,0.1886712992208886,0.7358391240261107
91,0.009580964413560749,0.008422825858075385,0.056432933249105074,0.18582859549378816,0.7395241103390188
92,0.009580964413560749,0.008422825858075385,0.05411665613813434,0.18214360918088018,0.7455253737628974
93,0.009475679090334808,0.008422825858075385,0.053063802905874924,0.1784586228679722,0.7503684986312908
94,0.009475679090334808,0.008422825858075385,0.05095809644135608,0.17708991366603496,0.7538429142977469
95,0.009370393767108865,0.008422825858075385,0.050010528532322594,0.17308907138344914,0.7588966098125921
96,0.009370393767108865,0.008317540534849443,0.04832596336070752,0.17119393556538218,0.7625815961255001
97,0.009265108443882923,0.008317540534849443,0.04706253948199621,0.16771951989892608,0.7674247209938935
98,0.009265108443882923,0.008317540534849443,0.04622025689618867,0.16561381343440723,0.7703727100442198
99,0.009265108443882923,0.008317540534849443,0.04485154769425142,0.16213939776795114,0.7752158349126131
100,0.00915982312065698,0.0082122552116235,0.04369340913876606,0.15834912613181723,0.7803748157506843
101,0.009054537797431038,0.008106969888397557,0.04337755316908823,0.1555064224047168,0.7837439460939145
102,0.009054537797431038,0.008106969888397557,0.042114129290376924,0.15340071594019794,0.7871130764371447
103,0.008949252474205097,0.008106969888397557,0.04116656138134344,0.15097915350600127,0.7905874921036008
104,0.008949252474205097,0.008106969888397557,0.039481996209728365,0.14939987365761212,0.793851337123605
105,0.008949252474205097,0.008106969888397557,0.038639713623920824,0.14624131396083387,0.7978521794061908
106,0.008738681827753211,0.008106969888397557,0.037586860391661404,0.14424089281954094,0.801116024426195
107,0.008738681827753211,0.008106969888397557,0.03632343651295009,0.1413981890924405,0.8052221520320068
108,0.008738681827753211,0.008106969888397557,0.0348494419877869,0.13918719730469573,0.8089071383449147
109,0.008738681827753211,0.008106969888397557,0.03390187407875342,0.13592335228469152,0.8131185512739524
110,0.008528111181301326,0.008106969888397557,0.033480732785849655,0.13255422194146135,0.8171193935565382
111,0.008317540534849443,0.008106969888397557,0.03253316487681617,0.12971151821436092,0.8211202358391241
112,0.008317540534849443,0.008001684565171615,0.03148031164455675,0.12771109707306802,0.8242787955359023
113,0.008317540534849443,0.007896399241945672,0.03053274373552327,0.12455253737628974,0.82849020846494
114,0.008106969888397557,0.00779111391871973,0.02969046114971573,0.12265740155822279,0.8315434828384923
115,0.008106969888397557,0.00779111391871973,0.028532322594230365,0.12107812170983365,0.8342809012423669
116,0.008106969888397557,0.00779111391871973,0.027795325331648767,0.11865655927563698,0.8374394609391451
117,0.008106969888397557,0.00779111391871973,0.026847757422615286,0.11749842072015161,0.8395451674036639
118,0.008106969888397557,0.00779111391871973,0.026321330806485577,0.114971572962729,0.8425984417772162
119,0.008106969888397557,0.00779111391871973,0.025268477574226154,0.11307643714466203,0.8455464308275427
120,0.008106969888397557,0.00779111391871973,0.024426194988418616,0.11086544535691725,0.848599705201095
121,0.008106969888397557,0.007685828595493788,0.023162771109707308,0.10886502421562434,0.8519688355443251
122,0.008106969888397557,0.007685828595493788,0.021688776584544114,0.10833859759949463,0.8539692566856181
123,0.008106969888397557,0.007685828595493788,0.020741208675510634,0.10612760581174985,0.8571278163823963
124,0.008001684565171615,0.007685828595493788,0.020109496736154978,0.10465361128658665,0.8593388081701411
125,0.008001684565171615,0.007685828595493788,0.01968835544325121,0.10170562223626027,0.8627079385133712
126,0.008001684565171615,0.007685828595493788,0.019161928827121498,0.10012634238787113,0.86481364497789
127,0.008001684565171615,0.007685828595493788,0.01831964624131396,0.09749420930722258,0.8682880606443462
128,0.008001684565171615,0.007685828595493788,0.017266793009054537,0.09623078542851127,0.8706043377553169
129,0.008001684565171615,0.007685828595493788,0.01695093703937671,0.0950726468730259,0.8720783322804802
130,0.008001684565171615,0.007685828595493788,0.016529795746472942,0.09296694040850706,0.8746051800379027
131,0.008001684565171615,0.007685828595493788,0.01600336913034323,0.09054537797431038,0.8775531690882291
132,0.008001684565171615,0.007685828595493788,0.015898083807117287,0.08770267424720994,0.8805011581385555
133,0.008001684565171615,0.007580543272267846,0.015055801221309749,0.08664982101495051,0.8825015792798484
134,0.007896399241945672,0.007580543272267846,0.014950515898083806,0.08507054116656138,0.8842914297746894
135,0.007896399241945672,0.007580543272267846,0.01463465992840598,0.08349126131817225,0.8861865655927563
136,0.007896399241945672,0.007580543272267846,0.014108233312276269,0.08201726679300905,0.8881869867340493
137,0.00779111391871973,0.007580543272267846,0.0136870920193725,0.08085912823752368,0.8898715519056644
138,0.00779111391871973,0.007580543272267846,0.013476521372920615,0.07854285112655296,0.892398399663087
139,0.00779111391871973,0.007580543272267846,0.01273952411033902,0.07664771530848599,0.8950305327437356
140,0.007685828595493788,0.007580543272267846,0.012528953463887134,0.07527900610654875,0.8967150979153506
141,0.007685828595493788,0.007580543272267846,0.012002526847757423,0.07359444093493367,0.8989260897030954
142,0.007685828595493788,0.007580543272267846,0.011265529585175826,0.07222573173299641,0.9010317961676142
143,0.007685828595493788,0.007580543272267846,0.010739102969046115,0.07106759317751106,0.9027163613392293
144,0.007685828595493788,0.007580543272267846,0.010212676352916403,0.06875131606654032,0.9055590650663298
145,0.007685828595493788,0.007580543272267846,0.009791535060012634,0.0676984628342809,0.9070330595914929
146,0.007685828595493788,0.007580543272267846,0.009475679090334808,0.06632975363234365,0.908717624763108
147,0.007685828595493788,0.007580543272267846,0.009370393767108865,0.06548747104653611,0.9096651926721415
148,0.007685828595493788,0.007580543272267846,0.00915982312065698,0.06327647925879132,0.9120867551063382
149,0.007685828595493788,0.007580543272267846,0.008949252474205097,0.06232891134975784,0.9132448936618235
150,0.007685828595493788,0.007580543272267846,0.008738681827753211,0.06074963150136871,0.9150347441566645
151,0.007685828595493788,0.007580543272267846,0.008633396504527269,0.05959149294588335,0.9162981680353759
152,0.007685828595493788,0.007580543272267846,0.008317540534849443,0.058749210360075806,0.9174563065908612
153,0.007685828595493788,0.007580543272267846,0.008001684565171615,0.057906927774268264,0.9186144451463466
154,0.007685828595493788,0.007580543272267846,0.007685828595493788,0.05632764792587913,0.9205095809644136
155,0.007685828595493788,0.007580543272267846,0.007475257949041903,0.05506422404716783,0.9219835754895768
156,0.007580543272267846,0.007580543272267846,0.007264687302590019,0.05369551484523057,0.9236681406611918
157,0.007580543272267846,0.007580543272267846,0.006948831332912192,0.05253737628974521,0.925142135186355
158,0.007580543272267846,0.007580543272267846,0.006211834070330596,0.05222152032006738,0.9261949884186145
159,0.007580543272267846,0.007580543272267846,0.005685407454200884,0.05095809644135608,0.9279848389134555
160,0.007580543272267846,0.007580543272267846,0.005369551484523057,0.04948410191619288,0.9297746894082964
161,0.007580543272267846,0.007580543272267846,0.0052642661612971155,0.048220678037481576,0.9311433986102338
162,0.007580543272267846,0.007580543272267846,0.0052642661612971155,0.04685196883554432,0.932512107812171
163,0.007580543272267846,0.007580543272267846,0.00505369551484523,0.04600968624973679,0.9335649610444304
164,0.007580543272267846,0.007580543272267846,0.004843124868393346,0.04485154769425142,0.9349336702463676
165,0.007580543272267846,0.007580543272267846,0.004737839545167404,0.04337755316908823,0.9365129500947568
166,0.007580543272267846,0.007580543272267846,0.004737839545167404,0.041798273320699096,0.9380922299431459
167,0.007580543272267846,0.007580543272267846,0.004737839545167404,0.04074542008843967,0.9391450831754053
168,0.007580543272267846,0.007580543272267846,0.004527268898715519,0.03969256685618025,0.9404085070541166
169,0.007475257949041903,0.007580543272267846,0.004527268898715519,0.03885028427037271,0.9413560749631501
170,0.007475257949041903,0.007580543272267846,0.004421983575489577,0.038323857654242996,0.9419877869025058
171,0.007475257949041903,0.007475257949041903,0.004421983575489577,0.03769214571488735,0.9427247841650874
172,0.007475257949041903,0.007475257949041903,0.004421983575489577,0.03674457780585386,0.9436723520741208
173,0.007475257949041903,0.007475257949041903,0.00410612760581175,0.0355864392503685,0.9451463465992841
174,0.007475257949041903,0.007475257949041903,0.003895556959359865,0.035375868603916616,0.9455674878921878
175,0.007475257949041903,0.007475257949041903,0.003790271636133923,0.03442830069488313,0.9466203411244473
176,0.007475257949041903,0.007475257949041903,0.0035797009896820385,0.03369130343230154,0.9475679090334808
177,0.007475257949041903,0.007475257949041903,0.0035797009896820385,0.03242787955359023,0.948831332912192
178,0.007475257949041903,0.007475257949041903,0.003474415666456096,0.03179616761423457,0.9495683301747736
179,0.007475257949041903,0.007475257949041903,0.003474415666456096,0.03158559696778269,0.9497789008212255
180,0.007369972625815961,0.007475257949041903,0.0032638450200042114,0.030848599705201096,0.950831754053485
181,0.007369972625815961,0.007475257949041903,0.003158559696778269,0.030322173089071383,0.9514634659928406
182,0.007369972625815961,0.007475257949041903,0.0029479890503263844,0.030111602442619498,0.9518846072857444
183,0.007369972625815961,0.007475257949041903,0.0029479890503263844,0.02926931985681196,0.9527268898715519
184,0.007369972625815961,0.007475257949041903,0.002842703727100442,0.028953463887134132,0.9531480311644557
185,0.007369972625815961,0.007475257949041903,0.002842703727100442,0.027795325331648767,0.9543061697199411
186,0.007369972625815961,0.007475257949041903,0.0027374184038745,0.027268898715519057,0.9549378816592967
187,0.007369972625815961,0.007475257949041903,0.002526847757422615,0.02695304274584123,0.9554643082754264
188,0.007369972625815961,0.007475257949041903,0.002421562434196673,0.026847757422615286,0.9556748789218783
189,0.007369972625815961,0.007475257949041903,0.002421562434196673,0.025794904190355863,0.9567277321541378
190,0.007369972625815961,0.007475257949041903,0.002421562434196673,0.024847336281322383,0.9576753000631711
191,0.007369972625815961,0.007475257949041903,0.002421562434196673,0.024110339018740788,0.9584122973257528
192,0.007369972625815961,0.007475257949041903,0.002421562434196673,0.023689197725837018,0.9588334386186566
193,0.007369972625815961,0.007475257949041903,0.0022109917877447885,0.023689197725837018,0.9590440092651085
194,0.007264687302590019,0.007475257949041903,0.0023162771109707307,0.022952200463255423,0.95978100652769
195,0.007264687302590019,0.007475257949041903,0.0023162771109707307,0.022636344493577595,0.9600968624973679
196,0.007264687302590019,0.007475257949041903,0.0023162771109707307,0.022320488523899767,0.9604127184670457
197,0.007264687302590019,0.007475257949041903,0.0023162771109707307,0.021688776584544114,0.9610444304064013
198,0.007264687302590019,0.007475257949041903,0.0022109917877447885,0.02095177932196252,0.9618867129922088
199,0.007264687302590019,0.007475257949041903,0.0022109917877447885,0.020425352705832806,0.9624131396083386
200,0.007264687302590019,0.007475257949041903,0.0022109917877447885,0.019898926089703096,0.9629395662244683
201,0.007264687302590019,0.007475257949041903,0.0021057064645188463,0.02000421141292904,0.9629395662244683
202,0.007264687302590019,0.007475257949041903,0.0020004211412929036,0.01926721415034744,0.9637818488102758
203,0.007264687302590019,0.007475257949041903,0.0018951358180669614,0.019056643503895555,0.9640977047799537
204,0.007264687302590019,0.007475257949041903,0.0018951358180669614,0.018635502210991788,0.9645188460728574
205,0.007264687302590019,0.007475257949041903,0.0016845651716150768,0.018214360918088018,0.9651505580122131
206,0.007264687302590019,0.007475257949041903,0.0015792798483891346,0.017898504948410193,0.9655716993051169
207,0.007264687302590019,0.007475257949041903,0.0015792798483891346,0.017266793009054537,0.9662034112444725
208,0.007264687302590019,0.007475257949041903,0.0014739945251631922,0.01695093703937671,0.9666245525373763
209,0.007264687302590019,0.007475257949041903,0.0014739945251631922,0.016740366392924828,0.9668351231838281
210,0.007264687302590019,0.007475257949041903,0.0014739945251631922,0.016108654453569172,0.9674668351231839
211,0.007264687302590019,0.007475257949041903,0.0014739945251631922,0.015266371867761634,0.9683091177089914
212,0.007264687302590019,0.007475257949041903,0.0014739945251631922,0.015055801221309749,0.9685196883554432
213,0.007264687302590019,0.007475257949041903,0.0012634238787113076,0.014950515898083806,0.9688355443251211
214,0.007264687302590019,0.007475257949041903,0.0012634238787113076,0.014424089281954095,0.9693619709412508
215,0.007264687302590019,0.007475257949041903,0.0011581385554853654,0.014318803958728154,0.9695725415877027
216,0.007264687302590019,0.007475257949041903,0.0010528532322594231,0.014108233312276269,0.9698883975573805
217,0.007264687302590019,0.007475257949041903,0.0010528532322594231,0.014002947989050326,0.9699936828806064
218,0.007264687302590019,0.007475257949041903,0.0010528532322594231,0.0136870920193725,0.9703095388502843
219,0.007264687302590019,0.007475257949041903,9.475679090334807E-4,0.013371236049694672,0.9707306801431881
220,0.007264687302590019,0.007475257949041903,9.475679090334807E-4,0.01284480943356496,0.9712571067593178
221,0.007264687302590019,0.007475257949041903,9.475679090334807E-4,0.01273952411033902,0.9713623920825437
222,0.007264687302590019,0.007475257949041903,9.475679090334807E-4,0.012423668140661192,0.9716782480522215
223,0.007264687302590019,0.007475257949041903,9.475679090334807E-4,0.011791956201305537,0.9723099599915772
224,0.007264687302590019,0.007475257949041903,8.422825858075384E-4,0.011686670878079595,0.972520530638029
225,0.007264687302590019,0.007475257949041903,8.422825858075384E-4,0.011686670878079595,0.972520530638029
226,0.007264687302590019,0.007475257949041903,8.422825858075384E-4,0.011160244261949883,0.9730469572541588
227,0.007264687302590019,0.007475257949041903,8.422825858075384E-4,0.010844388292272057,0.9733628132238366
228,0.007264687302590019,0.007475257949041903,8.422825858075384E-4,0.010423246999368288,0.9737839545167404
229,0.007264687302590019,0.007475257949041903,8.422825858075384E-4,0.01010739102969046,0.9740998104864181
230,0.007264687302590019,0.007475257949041903,8.422825858075384E-4,0.009791535060012634,0.974415666456096
231,0.007264687302590019,0.007475257949041903,8.422825858075384E-4,0.009475679090334808,0.9747315224257739
232,0.007264687302590019,0.007475257949041903,8.422825858075384E-4,0.009475679090334808,0.9747315224257739
233,0.007264687302590019,0.007475257949041903,8.422825858075384E-4,0.00915982312065698,0.9750473783954516
234,0.007159401979364077,0.007475257949041903,9.475679090334807E-4,0.008949252474205097,0.9752579490419035
235,0.007159401979364077,0.007475257949041903,9.475679090334807E-4,0.008738681827753211,0.9754685196883555
236,0.007159401979364077,0.007475257949041903,9.475679090334807E-4,0.0082122552116235,0.9759949463044851
237,0.007159401979364077,0.007475257949041903,9.475679090334807E-4,0.007896399241945672,0.976310802274163
238,0.007159401979364077,0.007475257949041903,9.475679090334807E-4,0.007369972625815961,0.9768372288902927
239,0.007159401979364077,0.007475257949041903,8.422825858075384E-4,0.007369972625815961,0.9769425142135186
240,0.007159401979364077,0.007475257949041903,7.369972625815961E-4,0.007264687302590019,0.9771530848599705
241,0.007159401979364077,0.007475257949041903,7.369972625815961E-4,0.007159401979364077,0.9772583701831965
242,0.007159401979364077,0.007475257949041903,7.369972625815961E-4,0.007054116656138134,0.9773636555064225
243,0.007159401979364077,0.007475257949041903,7.369972625815961E-4,0.006738260686460307,0.9776795114761002
244,0.007159401979364077,0.007475257949041903,6.317119393556538E-4,0.006738260686460307,0.9777847967993262
245,0.007159401979364077,0.007475257949041903,6.317119393556538E-4,0.00642240471678248,0.978100652769004
246,0.007159401979364077,0.007475257949041903,6.317119393556538E-4,0.006106548747104654,0.9784165087386818
247,0.007159401979364077,0.007475257949041903,6.317119393556538E-4,0.005895978100652769,0.9786270793851337
248,0.007159401979364077,0.007475257949041903,6.317119393556538E-4,0.005685407454200884,0.9788376500315856
249,0.007159401979364077,0.007475257949041903,6.317119393556538E-4,0.005685407454200884,0.9788376500315856
250,0.007159401979364077,0.007475257949041903,6.317119393556538E-4,0.005685407454200884,0.9788376500315856
251,0.007159401979364077,0.007475257949041903,6.317119393556538E-4,0.005474836807749,0.9790482206780374
252,0.007159401979364077,0.007475257949041903,5.264266161297116E-4,0.005580122130974942,0.9790482206780374
253,0.007159401979364077,0.007475257949041903,5.264266161297116E-4,0.0052642661612971155,0.9793640766477153
254,0.007159401979364077,0.007475257949041903,5.264266161297116E-4,0.0052642661612971155,0.9793640766477153
255,0.007159401979364077,0.007475257949041903,5.264266161297116E-4,0.004737839545167404,0.979890503263845
256,0.007159401979364077,0.007475257949041903,5.264266161297116E-4,0.004527268898715519,0.9801010739102969
257,0.007159401979364077,0.007475257949041903,5.264266161297116E-4,0.004527268898715519,0.9801010739102969
258,0.007159401979364077,0.007475257949041903,5.264266161297116E-4,0.004527268898715519,0.9801010739102969
259,0.007159401979364077,0.007475257949041903,4.211412929037692E-4,0.004527268898715519,0.9802063592335228
260,0.007159401979364077,0.007475257949041903,4.211412929037692E-4,0.004316698252263634,0.9804169298799748
261,0.007159401979364077,0.007475257949041903,3.158559696778269E-4,0.004211412929037693,0.9806275005264267
262,0.007159401979364077,0.007475257949041903,3.158559696778269E-4,0.004211412929037693,0.9806275005264267
263,0.007159401979364077,0.007475257949041903,2.105706464518846E-4,0.004316698252263634,0.9806275005264267
264,0.007159401979364077,0.007475257949041903,2.105706464518846E-4,0.003895556959359865,0.9810486418193304
265,0.007159401979364077,0.007475257949041903,2.105706464518846E-4,0.003790271636133923,0.9811539271425563
266,0.007159401979364077,0.007475257949041903,2.105706464518846E-4,0.0035797009896820385,0.9813644977890082
267,0.007159401979364077,0.007475257949041903,2.105706464518846E-4,0.0035797009896820385,0.9813644977890082
268,0.007159401979364077,0.007475257949041903,2.105706464518846E-4,0.0035797009896820385,0.9813644977890082
269,0.007159401979364077,0.007475257949041903,2.105706464518846E-4,0.0035797009896820385,0.9813644977890082
270,0.007159401979364077,0.007475257949041903,2.105706464518846E-4,0.003474415666456096,0.9814697831122342
271,0.007159401979364077,0.007475257949041903,2.105706464518846E-4,0.0033691303432301536,0.98157506843546
272,0.007159401979364077,0.007475257949041903,2.105706464518846E-4,0.0033691303432301536,0.98157506843546
273,0.007159401979364077,0.007475257949041903,1.052853232259423E-4,0.003474415666456096,0.98157506843546
274,0.007159401979364077,0.007475257949041903,1.052853232259423E-4,0.0033691303432301536,0.981680353758686
275,0.007159401979364077,0.007475257949041903,1.052853232259423E-4,0.0033691303432301536,0.981680353758686
276,0.007159401979364077,0.007475257949041903,1.052853232259423E-4,0.003158559696778269,0.9818909244051379
277,0.007159401979364077,0.007475257949041903,1.052853232259423E-4,0.003158559696778269,0.9818909244051379
278,0.007159401979364077,0.007475257949041903,1.052853232259423E-4,0.003158559696778269,0.9818909244051379
279,0.007159401979364077,0.007475257949041903,1.052853232259423E-4,0.003053274373552327,0.9819962097283639
280,0.007159401979364077,0.007475257949041903,1.052853232259423E-4,0.0029479890503263844,0.9821014950515898
281,0.007159401979364077,0.007475257949041903,1.052853232259423E-4,0.0029479890503263844,0.9821014950515898
282,0.007159401979364077,0.007475257949041903,0.0,0.0029479890503263844,0.9822067803748158
283,0.007159401979364077,0.007475257949041903,0.0,0.0027374184038745,0.9824173510212676
284,0.007159401979364077,0.007475257949041903,0.0,0.0026321330806485578,0.9825226363444935
285,0.007159401979364077,0.007475257949041903,0.0,0.002526847757422615,0.9826279216677195
286,0.007159401979364077,0.007475257949041903,0.0,0.002526847757422615,0.9826279216677195
287,0.007159401979364077,0.007475257949041903,0.0,0.002526847757422615,0.9826279216677195
288,0.007159401979364077,0.007475257949041903,0.0,0.002421562434196673,0.9827332069909455
289,0.007159401979364077,0.007475257949041903,0.0,0.0023162771109707307,0.9828384923141714
290,0.007159401979364077,0.007475257949041903,0.0,0.0023162771109707307,0.9828384923141714
291,0.007159401979364077,0.007475257949041903,0.0,0.0022109917877447885,0.9829437776373974
292,0.007159401979364077,0.007475257949041903,0.0,0.0021057064645188463,0.9830490629606233
293,0.007159401979364077,0.007475257949041903,0.0,0.0020004211412929036,0.9831543482838492
294,0.007159401979364077,0.007475257949041903,0.0,0.0018951358180669614,0.9832596336070751
295,0.007159401979364077,0.007475257949041903,0.0,0.0017898504948410192,0.9833649189303011
296,0.007159401979364077,0.007475257949041903,0.0,0.0016845651716150768,0.983470204253527
297,0.007159401979364077,0.007475257949041903,0.0,0.0016845651716150768,0.983470204253527
298,0.007159401979364077,0.007475257949041903,0.0,0.0016845651716150768,0.983470204253527
299,0.007159401979364077,0.007475257949041903,0.0,0.0014739945251631922,0.983680774899979
300,0.007159401979364077,0.007475257949041903,0.0,0.0014739945251631922,0.983680774899979
301,0.007159401979364077,0.007475257949041903,0.0,0.0014739945251631922,0.983680774899979
302,0.007159401979364077,0.007475257949041903,0.0,0.00136870920193725,0.9837860602232049
303,0.007159401979364077,0.007475257949041903,0.0,0.00136870920193725,0.9837860602232049
304,0.007159401979364077,0.007475257949041903,0.0,0.00136870920193725,0.9837860602232049
305,0.007159401979364077,0.007475257949041903,0.0,0.0012634238787113076,0.9838913455464309
306,0.007159401979364077,0.007475257949041903,0.0,0.0012634238787113076,0.9838913455464309
307,0.007159401979364077,0.007475257949041903,0.0,0.0012634238787113076,0.9838913455464309
308,0.007159401979364077,0.007475257949041903,0.0,0.0012634238787113076,0.9838913455464309
309,0.007159401979364077,0.007475257949041903,0.0,0.0012634238787113076,0.9838913455464309
310,0.007159401979364077,0.007475257949041903,0.0,0.0011581385554853654,0.9839966308696567
311,0.007159401979364077,0.007475257949041903,0.0,0.0011581385554853654,0.9839966308696567
312,0.007159401979364077,0.007475257949041903,0.0,0.0011581385554853654,0.9839966308696567
313,0.007159401979364077,0.007475257949041903,0.0,0.0011581385554853654,0.9839966308696567
314,0.007159401979364077,0.007475257949041903,0.0,0.0010528532322594231,0.9841019161928827
315,0.007159401979364077,0.007475257949041903,0.0,0.0010528532322594231,0.9841019161928827
316,0.007159401979364077,0.007475257949041903,0.0,0.0010528532322594231,0.9841019161928827
317,0.007159401979364077,0.007475257949041903,0.0,0.0010528532322594231,0.9841019161928827
318,0.007159401979364077,0.007475257949041903,0.0,9.475679090334807E-4,0.9842072015161086
319,0.007159401979364077,0.007475257949041903,0.0,9.475679090334807E-4,0.9842072015161086
320,0.007159401979364077,0.007475257949041903,0.0,9.475679090334807E-4,0.9842072015161086
321,0.007159401979364077,0.007475257949041903,0.0,9.475679090334807E-4,0.9842072015161086
322,0.007159401979364077,0.007475257949041903,0.0,9.475679090334807E-4,0.9842072015161086
323,0.007159401979364077,0.007475257949041903,0.0,8.422825858075384E-4,0.9843124868393346
324,0.007159401979364077,0.007475257949041903,0.0,8.422825858075384E-4,0.9843124868393346
325,0.007159401979364077,0.007475257949041903,0.0,7.369972625815961E-4,0.9844177721625605
326,0.007159401979364077,0.007475257949041903,0.0,7.369972625815961E-4,0.9844177721625605
327,0.007159401979364077,0.007475257949041903,0.0,7.369972625815961E-4,0.9844177721625605
328,0.007159401979364077,0.007475257949041903,0.0,7.369972625815961E-4,0.9844177721625605
329,0.007159401979364077,0.007475257949041903,0.0,7.369972625815961E-4,0.9844177721625605
330,0.007159401979364077,0.007475257949041903,0.0,7.369972625815961E-4,0.9844177721625605
331,0.007159401979364077,0.007475257949041903,0.0,6.317119393556538E-4,0.9845230574857865
332,0.007159401979364077,0.007475257949041903,0.0,6.317119393556538E-4,0.9845230574857865
333,0.007159401979364077,0.007475257949041903,0.0,6.317119393556538E-4,0.9845230574857865
334,0.007159401979364077,0.007475257949041903,0.0,5.264266161297116E-4,0.9846283428090125
335,0.007159401979364077,0.007475257949041903,0.0,5.264266161297116E-4,0.9846283428090125
336,0.007159401979364077,0.007475257949041903,0.0,5.264266161297116E-4,0.9846283428090125
337,0.007159401979364077,0.007475257949041903,0.0,4.211412929037692E-4,0.9847336281322384
338,0.007159401979364077,0.007475257949041903,0.0,4.211412929037692E-4,0.9847336281322384
339,0.007159401979364077,0.007475257949041903,0.0,4.211412929037692E-4,0.9847336281322384
340,0.007159401979364077,0.007475257949041903,0.0,4.211412929037692E-4,0.9847336281322384
341,0.007159401979364077,0.007475257949041903,0.0,3.158559696778269E-4,0.9848389134554643
342,0.007159401979364077,0.007475257949041903,0.0,3.158559696778269E-4,0.9848389134554643
343,0.007159401979364077,0.007475257949041903,0.0,2.105706464518846E-4,0.9849441987786902
344,0.007159401979364077,0.007475257949041903,0.0,2.105706464518846E-4,0.9849441987786902
345,0.007159401979364077,0.007475257949041903,0.0,2.105706464518846E-4,0.9849441987786902
346,0.007159401979364077,0.007475257949041903,0.0,2.105706464518846E-4,0.9849441987786902
347,0.007159401979364077,0.007475257949041903,0.0,2.105706464518846E-4,0.9849441987786902
348,0.007159401979364077,0.007475257949041903,0.0,2.105706464518846E-4,0.9849441987786902
349,0.007159401979364077,0.007475257949041903,0.0,2.105706464518846E-4,0.9849441987786902
350,0.007159401979364077,0.007475257949041903,0.0,2.105706464518846E-4,0.9849441987786902
351,0.007159401979364077,0.007475257949041903,0.0,2.105706464518846E-4,0.9849441987786902
352,0.007159401979364077,0.007475257949041903,0.0,2.105706464518846E-4,0.9849441987786902
353,0.007159401979364077,0.007475257949041903,0.0,2.105706464518846E-4,0.9849441987786902
354,0.007159401979364077,0.007475257949041903,0.0,2.105706464518846E-4,0.9849441987786902
355,0.007159401979364077,0.007475257949041903,0.0,2.105706464518846E-4,0.9849441987786902
356,0.007159401979364077,0.007475257949041903,0.0,2.105706464518846E-4,0.9849441987786902
357,0.007159401979364077,0.007475257949041903,0.0,2.105706464518846E-4,0.9849441987786902
358,0.007159401979364077,0.007475257949041903,0.0,2.105706464518846E-4,0.9849441987786902
359,0.007159401979364077,0.007475257949041903,0.0,2.105706464518846E-4,0.9849441987786902
360,0.007159401979364077,0.007475257949041903,0.0,2.105706464518846E-4,0.9849441987786902
361,0.007159401979364077,0.007475257949041903,0.0,2.105706464518846E-4,0.9849441987786902
362,0.007159401979364077,0.007475257949041903,0.0,2.105706464518846E-4,0.9849441987786902
363,0.007159401979364077,0.007475257949041903,0.0,2.105706464518846E-4,0.9849441987786902
364,0.007159401979364077,0.007475257949041903,0.0,2.105706464518846E-4,0.9849441987786902
365,0.007159401979364077,0.007475257949041903,0.0,2.105706464518846E-4,0.9849441987786902
366,0.007159401979364077,0.007475257949041903,0.0,1.052853232259423E-4,0.9850494841019162
367,0.007159401979364077,0.007475257949041903,0.0,1.052853232259423E-4,0.9850494841019162
368,0.007159401979364077,0.007475257949041903,0.0,1.052853232259423E-4,0.9850494841019162
369,0.007159401979364077,0.007475257949041903,0.0,1.052853232259423E-4,0.9850494841019162
370,0.007159401979364077,0.007475257949041903,0.0,1.052853232259423E-4,0.9850494841019162
371,0.007159401979364077,0.007475257949041903,0.0,1.052853232259423E-4,0.9850494841019162
372,0.007159401979364077,0.007475257949041903,0.0,0.0,0.9851547694251421
373,0.007159401979364077,0.007475257949041903,0.0,0.0,0.9851547694251421
374,0.007159401979364077,0.007475257949041903,0.0,0.0,0.9851547694251421
375,0.007159401979364077,0.007475257949041903,0.0,0.0,0.9851547694251421
376,0.007159401979364077,0.007475257949041903,0.0,0.0,0.9851547694251421
377,0.007159401979364077,0.007475257949041903,0.0,0.0,0.9851547694251421
378,0.007159401979364077,0.007475257949041903,0.0,0.0,0.9851547694251421
379,0.007159401979364077,0.007475257949041903,0.0,0.0,0.9851547694251421
380,0.007159401979364077,0.007475257949041903,0.0,0.0,0.9851547694251421
381,0.007159401979364077,0.007475257949041903,0.0,0.0,0.9851547694251421
382,0.007159401979364077,0.007475257949041903,0.0,0.0,0.9851547694251421
383,0.007159401979364077,0.007475257949041903,0.0,0.0,0.9851547694251421
384,0.007159401979364077,0.007475257949041903,0.0,0.0,0.9851547694251421
385,0.007159401979364077,0.007475257949041903,0.0,0.0,0.9851547694251421
386,0.007159401979364077,0.007475257949041903,0.0,0.0,0.9851547694251421
387,0.007159401979364077,0.007475257949041903,0.0,0.0,0.9851547694251421
388,0.007159401979364077,0.007475257949041903,0.0,0.0,0.9851547694251421
389,0.007159401979364077,0.007475257949041903,0.0,0.0,0.9851547694251421
390,0.007159401979364077,0.007475257949041903,0.0,-1.052853232259423E-4,0.9852600547483681
391,0.007159401979364077,0.007475257949041903,0.0,-1.052853232259423E-4,0.9852600547483681
392,0.007159401979364077,0.007475257949041903,0.0,-1.052853232259423E-4,0.9852600547483681
393,0.007159401979364077,0.007475257949041903,0.0,-1.052853232259423E-4,0.9852600547483681
394,0.007159401979364077,0.007475257949041903,0.0,-1.052853232259423E-4,0.9852600547483681
395,0.007159401979364077,0.007475257949041903,0.0,-1.052853232259423E-4,0.9852600547483681
396,0.007159401979364077,0.007475257949041903,0.0,-1.052853232259423E-4,0.9852600547483681
397,0.007159401979364077,0.007475257949041903,0.0,-1.052853232259423E-4,0.9852600547483681
398,0.007159401979364077,0.007475257949041903,0.0,-1.052853232259423E-4,0.9852600547483681
399,0.007159401979364077,0.007475257949041903,0.0,-1.052853232259423E-4,0.9852600547483681
400,0.007159401979364077,0.007475257949041903,0.0,-1.052853232259423E-4,0.9852600547483681
401,0.007159401979364077,0.007475257949041903,0.0,-1.052853232259423E-4,0.9852600547483681
402,0.007159401979364077,0.007475257949041903,0.0,-1.052853232259423E-4,0.9852600547483681
403,0.007159401979364077,0.007475257949041903,0.0,-1.052853232259423E-4,0.9852600547483681
404,0.007159401979364077,0.007475257949041903,0.0,-1.052853232259423E-4,0.9852600547483681
405,0.007159401979364077,0.007475257949041903,0.0,-1.052853232259423E-4,0.9852600547483681
406,0.007159401979364077,0.007475257949041903,0.0,-1.052853232259423E-4,0.9852600547483681
407,0.007159401979364077,0.007475257949041903,0.0,-1.052853232259423E-4,0.9852600547483681
408,0.007159401979364077,0.007475257949041903,0.0,-1.052853232259423E-4,0.9852600547483681
409,0.007159401979364077,0.007475257949041903,0.0,-1.052853232259423E-4,0.9852600547483681
410,0.007159401979364077,0.007475257949041903,0.0,-1.052853232259423E-4,0.9852600547483681
411,0.007159401979364077,0.007475257949041903,0.0,-1.052853232259423E-4,0.9852600547483681
412,0.007159401979364077,0.007475257949041903,0.0,-1.052853232259423E-4,0.9852600547483681
413,0.007159401979364077,0.007475257949041903,0.0,-1.052853232259423E-4,0.9852600547483681
414,0.007159401979364077,0.007475257949041903,0.0,-1.052853232259423E-4,0.9852600547483681
415,0.007159401979364077,0.007475257949041903,0.0,-1.052853232259423E-4,0.9852600547483681
416,0.007159401979364077,0.007475257949041903,0.0,-1.052853232259423E-4,0.9852600547483681
417,0.007159401979364077,0.007475257949041903,0.0,-1.052853232259423E-4,0.9852600547483681
418,0.007159401979364077,0.007475257949041903,0.0,-1.052853232259423E-4,0.9852600547483681
419,0.007159401979364077,0.007475257949041903,0.0,-1.052853232259423E-4,0.9852600547483681
420,0.007159401979364077,0.007475257949041903,0.0,-1.052853232259423E-4,0.9852600547483681
421,0.007159401979364077,0.007475257949041903,0.0,-1.052853232259423E-4,0.9852600547483681
422,0.007159401979364077,0.007475257949041903,0.0,-1.052853232259423E-4,0.9852600547483681
423,0.007159401979364077,0.007475257949041903,0.0,-1.052853232259423E-4,0.9852600547483681
424,0.007159401979364077,0.007475257949041903,0.0,-1.052853232259423E-4,0.9852600547483681
425,0.007159401979364077,0.007475257949041903,0.0,-1.052853232259423E-4,0.9852600547483681
426,0.007159401979364077,0.007475257949041903,0.0,-1.052853232259423E-4,0.9852600547483681
427,0.007159401979364077,0.007475257949041903,0.0,-1.052853232259423E-4,0.9852600547483681
428,0.007159401979364077,0.007475257949041903,0.0,-1.052853232259423E-4,0.9852600547483681
429,0.007159401979364077,0.007475257949041903,0.0,-1.052853232259423E-4,0.9852600547483681
430,0.007159401979364077,0.007475257949041903,0.0,-1.052853232259423E-4,0.9852600547483681
431,0.007159401979364077,0.007475257949041903,0.0,-1.052853232259423E-4,0.9852600547483681
432,0.007159401979364077,0.007475257949041903,0.0,-1.052853232259423E-4,0.9852600547483681
433,0.007159401979364077,0.007475257949041903,0.0,-1.052853232259423E-4,0.9852600547483681
434,0.007159401979364077,0.007475257949041903,0.0,-1.052853232259423E-4,0.9852600547483681
435,0.007159401979364077,0.007475257949041903,0.0,-1.052853232259423E-4,0.9852600547483681
436,0.007159401979364077,0.007475257949041903,0.0,-1.052853232259423E-4,0.9852600547483681
437,0.007159401979364077,0.007475257949041903,0.0,-1.052853232259423E-4,0.9852600547483681
438,0.007159401979364077,0.007475257949041903,0.0,-1.052853232259423E-4,0.9852600547483681
439,0.007159401979364077,0.007475257949041903,0.0,-1.052853232259423E-4,0.9852600547483681
440,0.007159401979364077,0.007475257949041903,0.0,-1.052853232259423E-4,0.9852600547483681
441,0.007159401979364077,0.007475257949041903,0.0,-1.052853232259423E-4,0.9852600547483681
442,0.007159401979364077,0.007475257949041903,0.0,-1.052853232259423E-4,0.9852600547483681
443,0.007159401979364077,0.007475257949041903,0.0,-1.052853232259423E-4,0.9852600547483681
444,0.007159401979364077,0.007475257949041903,0.0,-1.052853232259423E-4,0.9852600547483681
445,0.007159401979364077,0.007475257949041903,0.0,-1.052853232259423E-4,0.9852600547483681
446,0.007159401979364077,0.007475257949041903,0.0,-1.052853232259423E-4,0.9852600547483681
447,0.007159401979364077,0.007475257949041903,0.0,-1.052853232259423E-4,0.9852600547483681
448,0.007159401979364077,0.007475257949041903,0.0,-1.052853232259423E-4,0.9852600547483681
449,0.007159401979364077,0.007475257949041903,0.0,-1.052853232259423E-4,0.9852600547483681
450,0.007159401979364077,0.007475257949041903,0.0,-1.052853232259423E-4,0.9852600547483681
451,0.007159401979364077,0.007475257949041903,0.0,-1.052853232259423E-4,0.9852600547483681
452,0.007159401979364077,0.007475257949041903,0.0,-1.052853232259423E-4,0.9852600547483681
453,0.007159401979364077,0.007475257949041903,0.0,-1.052853232259423E-4,0.9852600547483681
454,0.007159401979364077,0.007475257949041903,0.0,-1.052853232259423E-4,0.9852600547483681
455,0.007159401979364077,0.007475257949041903,0.0,-1.052853232259423E-4,0.9852600547483681
456,0.007159401979364077,0.007475257949041903,0.0,-1.052853232259423E-4,0.9852600547483681
457,0.007159401979364077,0.007475257949041903,0.0,-1.052853232259423E-4,0.9852600547483681
458,0.007159401979364077,0.007475257949041903,0.0,-1.052853232259423E-4,0.9852600547483681
459,0.007159401979364077,0.007475257949041903,0.0,-1.052853232259423E-4,0.9852600547483681
460,0.007159401979364077,0.007475257949041903,0.0,-1.052853232259423E-4,0.9852600547483681
461,0.007159401979364077,0.007475257949041903,0.0,-1.052853232259423E-4,0.9852600547483681
462,0.007159401979364077,0.007475257949041903,0.0,-1.052853232259423E-4,0.9852600547483681
463,0.007159401979364077,0.007475257949041903,0.0,-1.052853232259423E-4,0.9852600547483681
464,0.007159401979364077,0.007475257949041903,0.0,-1.052853232259423E-4,0.9852600547483681
465,0.007159401979364077,0.007475257949041903,0.0,-1.052853232259423E-4,0.9852600547483681
466,0.007159401979364077,0.007475257949041903,0.0,-1.052853232259423E-4,0.9852600547483681
467,0.007159401979364077,0.007475257949041903,0.0,-1.052853232259423E-4,0.9852600547483681
468,0.007159401979364077,0.007475257949041903,0.0,-1.052853232259423E-4,0.9852600547483681
469,0.007159401979364077,0.007475257949041903,0.0,-1.052853232259423E-4,0.9852600547483681
470,0.007159401979364077,0.007475257949041903,0.0,-1.052853232259423E-4,0.9852600547483681
471,0.007159401979364077,0.007475257949041903,0.0,-1.052853232259423E-4,0.9852600547483681
472,0.007159401979364077,0.007475257949041903,0.0,-1.052853232259423E-4,0.9852600547483681
473,0.007159401979364077,0.007475257949041903,0.0,-1.052853232259423E-4,0.9852600547483681
474,0.007159401979364077,0.007475257949041903,0.0,-1.052853232259423E-4,0.9852600547483681
475,0.007159401979364077,0.007475257949041903,0.0,-1.052853232259423E-4,0.9852600547483681
476,0.007159401979364077,0.007475257949041903,0.0,-1.052853232259423E-4,0.9852600547483681
477,0.007159401979364077,0.007475257949041903,0.0,-1.052853232259423E-4,0.9852600547483681
478,0.007159401979364077,0.007475257949041903,0.0,-1.052853232259423E-4,0.9852600547483681
479,0.007159401979364077,0.007475257949041903,0.0,-1.052853232259423E-4,0.9852600547483681
480,0.007159401979364077,0.007475257949041903,0.0,-1.052853232259423E-4,0.9852600547483681
481,0.007159401979364077,0.007475257949041903,0.0,-1.052853232259423E-4,0.9852600547483681
482,0.007159401979364077,0.007475257949041903,0.0,-1.052853232259423E-4,0.9852600547483681
483,0.007159401979364077,0.007475257949041903,0.0,-1.052853232259423E-4,0.9852600547483681
484,0.007159401979364077,0.007475257949041903,0.0,-1.052853232259423E-4,0.9852600547483681
485,0.007159401979364077,0.007475257949041903,0.0,-1.052853232259423E-4,0.9852600547483681
486,0.007159401979364077,0.007475257949041903,0.0,-1.052853232259423E-4,0.9852600547483681
487,0.007159401979364077,0.007475257949041903,0.0,-1.052853232259423E-4,0.9852600547483681
488,0.007159401979364077,0.007475257949041903,0.0,-1.052853232259423E-4,0.9852600547483681
489,0.007159401979364077,0.007475257949041903,0.0,-1.052853232259423E-4,0.9852600547483681
490,0.007159401979364077,0.007475257949041903,0.0,-1.052853232259423E-4,0.9852600547483681
491,0.007159401979364077,0.007475257949041903,0.0,-1.052853232259423E-4,0.9852600547483681
492,0.007159401979364077,0.007475257949041903,0.0,-1.052853232259423E-4,0.9852600547483681
493,0.007159401979364077,0.007475257949041903,0.0,-1.052853232259423E-4,0.9852600547483681
494,0.007159401979364077,0.007475257949041903,0.0,-1.052853232259423E-4,0.9852600547483681
495,0.007159401979364077,0.007475257949041903,0.0,-1.052853232259423E-4,0.9852600547483681
496,0.007159401979364077,0.007475257949041903,0.0,-1.052853232259423E-4,0.9852600547483681
497,0.007159401979364077,0.007475257949041903,0.0,-1.052853232259423E-4,0.9852600547483681
498,0.007159401979364077,0.007475257949041903,0.0,-1.052853232259423E-4,0.9852600547483681
499,0.007159401979364077,0.007475257949041903,0.0,-1.052853232259423E-4,0.9852600547483681
