0,0.695,0.3,0,0.005,0
1,0.5443251210781217,0.2657401558222784,0.14739945251631922,0.041377132027795326,9.475679090334807E-4
2,0.3956622446830912,0.2209938934512529,0.2913244893661823,0.08938723941882501,0.002421562434196673
3,0.2949041903558644,0.18130132659507264,0.38408085912823753,0.13455464308275428,0.0049484101916192885
4,0.22457359444093494,0.14792587913244892,0.4439882080437987,0.17277321541377133,0.010528532322594231
5,0.17730048431248685,0.12486839334596757,0.4753632343651295,0.20425352705832808,0.018003790271636132
6,0.14571488734470414,0.10623289113497579,0.4917877447883765,0.22973257527900612,0.026321330806485577
7,0.12434196672983786,0.09317751105495894,0.49789429353548115,0.24899978942935355,0.035375868603916616
8,0.10749631501368709,0.08307012002526848,0.5006317119393556,0.2654242998526005,0.043166982522636344
9,0.09538850284270373,0.0746472941671931,0.49989471467677404,0.2772162560539061,0.05264266161297115
10,0.0868603916614024,0.06622446830911771,0.49368288060644344,0.2906927774268267,0.06232891134975784
11,0.08075384291429774,0.059065066329753634,0.48441777216256054,0.3023794483049063,0.0731732996420299
12,0.07454200884396715,0.053800800168456515,0.474415666456096,0.31217098336491894,0.08485997052010949
13,0.06906717203621815,0.049589387239418824,0.4656769846283428,0.3201726679300905,0.09528321751947778
14,0.0642240471678248,0.04685196883554432,0.45556959359865234,0.3268056432933249,0.10633817645820173
15,0.05969677826910929,0.04369340913876606,0.44567277321541376,0.333965045272689,0.11676142345757001
16,0.05611707727942725,0.04116656138134344,0.43493367024636764,0.34165087386818277,0.125921246578227
17,0.05359022952200463,0.03979785217940619,0.42345757001473994,0.346809854706254,0.1361339229311434
18,0.05106338176458202,0.03811328700779111,0.412402611076016,0.3511265529585176,0.1470835965466414
19,0.049589387239418824,0.03590229522004632,0.40397978521794065,0.35123183828174354,0.15908612339439882
20,0.04758896609812592,0.033796588755527476,0.39408296483470207,0.35554853653400714,0.1687723731311855
21,0.0457991156032849,0.032849020846494,0.3828174352495262,0.35870709623078545,0.17961676142345756
22,0.04432512107812171,0.03158559696778269,0.37155190566435037,0.36197094125078966,0.19035586439250368
23,0.04221941461360287,0.030427458412297326,0.3629185091598231,0.3621815118972415,0.20204253527058327
24,0.04000842282585808,0.02926931985681196,0.354074542008844,0.36470835965466414,0.21172878500736997
25,0.03842914297746894,0.028532322594230365,0.34438829227205725,0.36502421562434195,0.22341545588544956
26,0.036849863129079806,0.02790061065487471,0.33407033059591495,0.36523478627079387,0.2357338387028848
27,0.036007580543272265,0.027163613392293114,0.32585807538429146,0.3641819330385344,0.24657822699515689
28,0.034533586018109075,0.026531901452937462,0.3195409559907349,0.3635502210991788,0.2556327647925879
29,0.03400715940197936,0.025900189513581806,0.3105917035165298,0.36428721836176037,0.2650031585596968
30,0.03274373552326806,0.02516319225100021,0.3023794483049063,0.36491893030111605,0.2745841229732575
31,0.03158559696778269,0.024636765634870498,0.2939566224468309,0.3661823541798273,0.2834280901242367
32,0.03095388502842704,0.023899768372288903,0.28690250579069276,0.3644977890082123,0.29353548115392714
33,0.030006317119393555,0.022952200463255423,0.2801642451042325,0.36249736786691933,0.3041692987997473
34,0.029479890503263845,0.02242577384712571,0.27289955780164243,0.3596546641398189,0.3153295430616972
35,0.028953463887134132,0.021583491261318172,0.2655295851758265,0.35881238155401135,0.32491050747525796
36,0.028111181301326595,0.021162349968414405,0.25805432722678456,0.35744367235207414,0.3350178985049484
37,0.027690040008422828,0.020741208675510634,0.25015792798483893,0.35681196041271845,0.34438829227205725
38,0.02695304274584123,0.020425352705832806,0.24331438197515268,0.35481153927142556,0.35428511265529583
39,0.026216045483259634,0.020320067382606864,0.2368919772583702,0.35228469151400293,0.3640766477153085
40,0.02568961886712992,0.02000421141292904,0.2304695725415877,0.35049484101916195,0.37313118551273955
41,0.025268477574226154,0.019793640766477154,0.22478416508738683,0.34933670246367654,0.3806064434617814
42,0.024426194988418616,0.01958307012002527,0.2187829016635081,0.34733628132238364,0.38966098125921245
43,0.02379448304906296,0.019161928827121498,0.21162349968414404,0.3438618656559276,0.40134765213729207
44,0.023583912402611075,0.01874078753421773,0.2045693830280059,0.3417561591914087,0.4111391871973047
45,0.022952200463255423,0.018003790271636132,0.1981469783112234,0.3402821646662455,0.42040429564118764
46,0.02242577384712571,0.017898504948410193,0.1936197094125079,0.3362813223836597,0.4295641187618446
47,0.022215203200673828,0.01737207833228048,0.18730259001895136,0.33154348283849233,0.44135607496315016
48,0.021794061907770057,0.017056222362602652,0.1817224678879764,0.3290166350810697,0.4502000421141293
49,0.02147820593809223,0.016635081069698885,0.17687934301958308,0.32659507264687304,0.4582017266793009
50,0.021057064645188462,0.016635081069698885,0.17129922088860813,0.32343651295009473,0.46736154979995786
51,0.020846493998736577,0.016529795746472942,0.16645609602021477,0.31911981469783113,0.4768372288902927
52,0.020741208675510634,0.016424510423247,0.1622446830911771,0.31343440724363025,0.48694461991998317
53,0.02000421141292904,0.016108654453569172,0.15887555274794693,0.31090755948620763,0.49389345125289535
54,0.01958307012002527,0.016108654453569172,0.15497999578858707,0.30722257317329965,0.501895135818067
55,0.019372499473573383,0.01600336913034323,0.15034744156664562,0.3024847336281322,0.5115813855548537
56,0.019161928827121498,0.015898083807117287,0.14718888186986734,0.29700989682038326,0.5205306380290587
57,0.018951358180669616,0.015792798483891344,0.14318803958728155,0.2939566224468309,0.5279006106548747
58,0.018951358180669616,0.015687513160665405,0.13781848810275849,0.29016635081069697,0.5371657190987577
59,0.018846072857443674,0.01547694251421352,0.13329121920404297,0.288376500315856,0.543798694461992
60,0.018635502210991788,0.015266371867761634,0.12855337965887556,0.28563908191198145,0.5516950937039377
61,0.018424931564539903,0.014950515898083806,0.12497367866919351,0.2819540955990735,0.5594862076226574
62,0.018424931564539903,0.014845230574857865,0.12034112444725205,0.2795325331648768,0.5666456096020215
63,0.01831964624131396,0.01463465992840598,0.11718256475047378,0.2746894082964835,0.5749631501368709
64,0.018003790271636132,0.014318803958728154,0.11360286376079175,0.271951989892609,0.5819119814697831
65,0.017687934301958308,0.014318803958728154,0.10981259212465783,0.2695304274584123,0.5884396715097915
66,0.017266793009054537,0.014108233312276269,0.1072857443672352,0.2635291640345336,0.5975994946304485
67,0.017056222362602652,0.013792377342598442,0.10444304064013477,0.26037060433775533,0.6041271846704569
68,0.017056222362602652,0.013581806696146557,0.10096862497367867,0.255527479469362,0.6126552958517583
69,0.016635081069698885,0.013476521372920615,0.09812592124657822,0.2525794904190356,0.6189724152453148
70,0.015371657190987577,0.01284480943356496,0.09707306801431881,0.24910507475257948,0.6253948199620973
71,0.014845230574857865,0.012423668140661192,0.09496736154979996,0.24584122973257527,0.6317119393556538
72,0.014108233312276269,0.012107812170983365,0.093072225731733,0.2421562434196673,0.6383449147188882
73,0.014108233312276269,0.012107812170983365,0.09075594862076226,0.23805011581385555,0.6447673194356707
74,0.014002947989050326,0.012002526847757423,0.08843967150979154,0.23489155611707727,0.6504527268898715
75,0.013792377342598442,0.011791956201305537,0.08485997052010949,0.2324699936828806,0.656875131606654
76,0.013581806696146557,0.011791956201305537,0.08243840808591282,0.22878500736997262,0.6631922510002106
77,0.013476521372920615,0.011791956201305537,0.08096441356074963,0.22488945041061276,0.6686670878079596
78,0.013265950726468731,0.011686670878079595,0.07854285112655296,0.22120446409770478,0.675089492524742
79,0.013265950726468731,0.011686670878079595,0.07633185933880816,0.21615076858285956,0.682354179827332
80,0.013160665403242788,0.011686670878079595,0.07454200884396715,0.21393977679511475,0.6864603074331438
81,0.012950094756790903,0.011581385554853654,0.07201516108654453,0.21151821436091808,0.691724573594441
82,0.01284480943356496,0.011476100231627711,0.06980416929879975,0.20857022531059172,0.697094125078964
83,0.01273952411033902,0.011370814908401769,0.0684354600968625,0.20678037481575068,0.7004632554221941
84,0.012528953463887134,0.011160244261949883,0.06548747104653611,0.2040429564118762,0.7065698041692988
85,0.012423668140661192,0.011160244261949883,0.06401347652137292,0.20046325542219415,0.71172878500737
86,0.012423668140661192,0.011054958938723942,0.06190777005685408,0.19677826910928617,0.7176247631080227
87,0.012318382817435249,0.010949673615498,0.06106548747104654,0.191619288271215,0.7238365971783534
88,0.012107812170983365,0.010949673615498,0.05927563697620552,0.1881448726047589,0.7293114339861023
89,0.012002526847757423,0.010949673615498,0.05801221309749421,0.1837228890292693,0.7351021267635292
90,0.012002526847757423,0.010844388292272057,0.0567487892187829,0.1814066119182986,0.7387871130764372
91,0.01189724152453148,0.010844388292272057,0.05516950937039377,0.17909033480732786,0.742787955359023
92,0.011791956201305537,0.010739102969046115,0.053063802905874924,0.17466835123183827,0.7495262160454833
93,0.011791956201305537,0.010633817645820172,0.051168667087807956,0.1709833649189303,0.7552116234996842
94,0.011791956201305537,0.010633817645820172,0.04916824594651505,0.1687723731311855,0.7594230364287219
95,0.011686670878079595,0.010528532322594231,0.048115392714255634,0.16445567487892188,0.7650031585596968
96,0.011686670878079595,0.010528532322594231,0.04611497157296273,0.16182354179827332,0.7696357127816382
97,0.011686670878079595,0.010528532322594231,0.044009265108443885,0.15992840598020636,0.773636555064224
98,0.011581385554853654,0.010528532322594231,0.04253527058328069,0.15698041692987996,0.7781638239629396
99,0.011370814908401769,0.010528532322594231,0.04158770267424721,0.15361128658664983,0.7826910928616551
100,0.011265529585175826,0.010528532322594231,0.04064013476521373,0.14992630027374185,0.7874289324068224
101,0.011265529585175826,0.010528532322594231,0.03958728153295431,0.14592545799115603,0.7924826279216677
102,0.011265529585175826,0.010528532322594231,0.038008001684565175,0.14350389555695936,0.7964834702042535
103,0.011265529585175826,0.010317961676142346,0.037271004421983576,0.13981890924405138,0.801116024426195
104,0.011265529585175826,0.010317961676142346,0.035797009896820386,0.13718677616340283,0.8052221520320068
105,0.011160244261949883,0.010212676352916403,0.0348494419877869,0.1348704990524321,0.8086965676984629
106,0.011160244261949883,0.010212676352916403,0.0335860181090756,0.13150136870920193,0.8133291219204043
107,0.010949673615498,0.010212676352916403,0.03295430616971994,0.129606232891135,0.8160665403242788
108,0.010844388292272057,0.010212676352916403,0.03179616761423457,0.1269740998104864,0.8199620972836387
109,0.010844388292272057,0.01010739102969046,0.030743314381975154,0.12539481996209728,0.8226995156875132
110,0.010844388292272057,0.01010739102969046,0.029374605180037903,0.12423668140661191,0.8252263634449358
111,0.010739102969046115,0.01010739102969046,0.02884817856390819,0.12181511897241525,0.8282796378184881
112,0.010528532322594231,0.01010739102969046,0.028427037271004423,0.11970941250789639,0.8310170562223625
113,0.010528532322594231,0.01000210570646452,0.027690040008422828,0.11739313539692567,0.8341756159191409
114,0.010528532322594231,0.009896820383238577,0.0266371867761634,0.11528742893240682,0.8374394609391451
115,0.010528532322594231,0.009896820383238577,0.02600547483680775,0.11233943988208044,0.8410191619288271
116,0.010423246999368288,0.009896820383238577,0.02505790692777427,0.11002316277110971,0.8443882922720573
117,0.010423246999368288,0.009896820383238577,0.024531480311644555,0.10739102969046115,0.8475468519688355
118,0.010423246999368288,0.009791535060012634,0.02421562434196673,0.10539060854916825,0.8499684144030322
119,0.010423246999368288,0.009791535060012634,0.02326805643293325,0.10339018740787534,0.8529164034533586
120,0.010423246999368288,0.009791535060012634,0.022952200463255423,0.1012844809433565,0.8553379658875553
121,0.010423246999368288,0.009686249736786692,0.022636344493577595,0.09917877447883765,0.8578648136449779
122,0.010423246999368288,0.009686249736786692,0.022320488523899767,0.09717835333754475,0.8601810907559486
123,0.010423246999368288,0.009686249736786692,0.021794061907770057,0.09528321751947778,0.8626026531901453
124,0.010423246999368288,0.009686249736786692,0.021372920614866286,0.09328279637818489,0.865024215624342
125,0.010423246999368288,0.009686249736786692,0.020846493998736577,0.09138766056011792,0.8674457780585386
126,0.010423246999368288,0.009580964413560749,0.02000421141292904,0.08991366603495472,0.8698673404927353
127,0.010212676352916403,0.009580964413560749,0.02000421141292904,0.08780795957043588,0.872183617603706
128,0.010212676352916403,0.009580964413560749,0.018951358180669616,0.08643925036849863,0.8746051800379027
129,0.01010739102969046,0.009580964413560749,0.018635502210991788,0.08433354390397979,0.8771320277953253
130,0.01010739102969046,0.009580964413560749,0.018109075594862075,0.08233312276268688,0.8796588755527479
131,0.01010739102969046,0.009580964413560749,0.017687934301958308,0.08085912823752368,0.8815540113708149
132,0.01010739102969046,0.009580964413560749,0.017161507685828595,0.0786481364497789,0.8842914297746894
133,0.01010739102969046,0.009580964413560749,0.016529795746472942,0.0779111391871973,0.8856601389766267
134,0.01010739102969046,0.009580964413560749,0.016213939776795114,0.07559486207622658,0.8882922720572752
135,0.01010739102969046,0.009580964413560749,0.015898083807117287,0.07327858496525584,0.8909244051379238
136,0.01010739102969046,0.009475679090334808,0.01547694251421352,0.07222573173299641,0.8925036849863129
137,0.01010739102969046,0.009475679090334808,0.015161086544535692,0.07075173720783323,0.894293535481154
138,0.01010739102969046,0.009475679090334808,0.014424089281954095,0.06990945462202569,0.8958728153295431
139,0.01010739102969046,0.009475679090334808,0.013897662665824383,0.06875131606654032,0.8975573805011582
140,0.01010739102969046,0.009475679090334808,0.013476521372920615,0.06738260686460308,0.8993472309959991
141,0.01010739102969046,0.009370393767108865,0.013055380080016846,0.06559275636976206,0.9016635081069699
142,0.01010739102969046,0.009370393767108865,0.012634238787113077,0.06411876184459886,0.9035586439250368
143,0.01010739102969046,0.009370393767108865,0.012423668140661192,0.0634870499052432,0.9044009265108444
144,0.01010739102969046,0.009370393767108865,0.01189724152453148,0.061802484733628135,0.9066119182985892
145,0.01010739102969046,0.009370393767108865,0.011791956201305537,0.06011791956201305,0.9084017687934302
146,0.01010739102969046,0.009265108443882923,0.011581385554853654,0.05927563697620552,0.9095599073489156
147,0.01000210570646452,0.009265108443882923,0.011160244261949883,0.05811749842072015,0.9112444725205306
148,0.01000210570646452,0.009265108443882923,0.010739102969046115,0.05716993051168667,0.9126131817224679
149,0.01000210570646452,0.009265108443882923,0.010317961676142346,0.05548536534007159,0.9147188881869868
150,0.009896820383238577,0.009265108443882923,0.010317961676142346,0.05432722678458623,0.915982312065698
151,0.009896820383238577,0.009265108443882923,0.01010739102969046,0.05348494419877869,0.9170351652979575
152,0.009896820383238577,0.009265108443882923,0.009791535060012634,0.05222152032006738,0.9186144451463466
153,0.009896820383238577,0.009265108443882923,0.009475679090334808,0.051905664350389555,0.9192461570857022
154,0.009896820383238577,0.009265108443882923,0.009265108443882923,0.05106338176458202,0.9202990103179617
155,0.009896820383238577,0.009265108443882923,0.008843967150979154,0.04979995788587071,0.9219835754895768
156,0.009896820383238577,0.009265108443882923,0.008738681827753211,0.04864181933038535,0.923246999368288
157,0.009896820383238577,0.009265108443882923,0.0082122552116235,0.04832596336070752,0.9240892819540956
158,0.009896820383238577,0.009265108443882923,0.0082122552116235,0.04758896609812592,0.9248262792166771
159,0.009896820383238577,0.009265108443882923,0.008106969888397557,0.0465361128658665,0.9259844177721626
160,0.009896820383238577,0.009265108443882923,0.007896399241945672,0.045483259633607075,0.9272478416508738
161,0.009791535060012634,0.009265108443882923,0.007896399241945672,0.04485154769425142,0.9279848389134555
162,0.009791535060012634,0.009265108443882923,0.007580543272267846,0.04369340913876606,0.9294588334386187
163,0.009791535060012634,0.00915982312065698,0.007264687302590019,0.04348283849231417,0.9300905453779743
164,0.009791535060012634,0.009054537797431038,0.006948831332912192,0.042114129290376924,0.9318803958728153
165,0.009791535060012634,0.009054537797431038,0.006738260686460307,0.04127184670456938,0.9329332491050748
166,0.009686249736786692,0.008949252474205097,0.006317119393556538,0.04074542008843967,0.9340913876605601
167,0.009686249736786692,0.008949252474205097,0.006211834070330596,0.04042956411876184,0.9345125289534639
168,0.009686249736786692,0.008949252474205097,0.006211834070330596,0.03916614024005054,0.9357759528321752
169,0.009686249736786692,0.008949252474205097,0.006001263423878711,0.038639713623920824,0.9365129500947568
170,0.009686249736786692,0.008949252474205097,0.005790692777426827,0.03790271636133923,0.9374605180037903
171,0.009686249736786692,0.008949252474205097,0.005474836807749,0.037586860391661404,0.9380922299431459
172,0.009686249736786692,0.008949252474205097,0.005474836807749,0.03663929248262792,0.9390397978521794
173,0.009686249736786692,0.008949252474205097,0.005369551484523057,0.035691724573594444,0.9400926510844388
174,0.009686249736786692,0.008949252474205097,0.0052642661612971155,0.03506001263423879,0.9408296483470204
175,0.009686249736786692,0.008949252474205097,0.00505369551484523,0.03442830069488313,0.941671930932828
176,0.009686249736786692,0.008949252474205097,0.004737839545167404,0.03400715940197936,0.9424089281954096
177,0.009686249736786692,0.008949252474205097,0.004737839545167404,0.03295430616971994,0.943461781427669
178,0.009686249736786692,0.008949252474205097,0.004527268898715519,0.03253316487681617,0.9440934933670246
179,0.009686249736786692,0.008949252474205097,0.004316698252263634,0.03179616761423457,0.9450410612760581
180,0.009686249736786692,0.008949252474205097,0.004316698252263634,0.03063802905874921,0.9461991998315434
181,0.009580964413560749,0.008949252474205097,0.004211412929037693,0.02969046114971573,0.9473573383870288
182,0.009580964413560749,0.008949252474205097,0.00410612760581175,0.029164034533586018,0.9479890503263845
183,0.009580964413560749,0.008949252474205097,0.004000842282585807,0.028637607917456308,0.9486207622657401
184,0.009580964413560749,0.008949252474205097,0.003895556959359865,0.02790061065487471,0.9494630448515476
185,0.009580964413560749,0.008949252474205097,0.003790271636133923,0.027374184038745,0.9500947567909034
186,0.009580964413560749,0.008949252474205097,0.003790271636133923,0.02705832806906717,0.9504106127605811
187,0.009580964413560749,0.008949252474205097,0.0035797009896820385,0.0266371867761634,0.9510423246999369
188,0.009580964413560749,0.008949252474205097,0.0032638450200042114,0.026321330806485577,0.9516740366392925
189,0.009580964413560749,0.008949252474205097,0.0032638450200042114,0.02547904822067804,0.9525163192251
190,0.009580964413560749,0.008949252474205097,0.0032638450200042114,0.02474205095809644,0.9532533164876816
191,0.009580964413560749,0.008949252474205097,0.003158559696778269,0.024110339018740788,0.9539903137502632
192,0.009475679090334808,0.008949252474205097,0.003158559696778269,0.02379448304906296,0.9544114550431669
193,0.009475679090334808,0.008949252474205097,0.0029479890503263844,0.02337334175615919,0.9550431669825227
194,0.009370393767108865,0.008949252474205097,0.0029479890503263844,0.02284691514002948,0.9556748789218783
195,0.009370393767108865,0.008949252474205097,0.0027374184038745,0.022215203200673828,0.9565171615076858
196,0.009370393767108865,0.008949252474205097,0.0027374184038745,0.021688776584544114,0.9570435881238155
197,0.009370393767108865,0.008949252474205097,0.0027374184038745,0.021057064645188462,0.9576753000631711
198,0.009370393767108865,0.008949252474205097,0.0027374184038745,0.020741208675510634,0.957991156032849
199,0.009370393767108865,0.008949252474205097,0.0026321330806485578,0.02000421141292904,0.9588334386186566
200,0.009370393767108865,0.008949252474205097,0.002421562434196673,0.019898926089703096,0.9591492945883344
201,0.009370393767108865,0.008949252474205097,0.002421562434196673,0.019372499473573383,0.9596757212044641
202,0.009370393767108865,0.008949252474205097,0.002421562434196673,0.018846072857443674,0.9602021478205938
203,0.009370393767108865,0.008949252474205097,0.002421562434196673,0.01831964624131396,0.9607285744367235
204,0.009370393767108865,0.008949252474205097,0.002421562434196673,0.017687934301958308,0.9613602863760792
205,0.009370393767108865,0.008949252474205097,0.002421562434196673,0.017266793009054537,0.9617814276689829
206,0.009370393767108865,0.008949252474205097,0.002421562434196673,0.017161507685828595,0.9618867129922088
207,0.009370393767108865,0.008949252474205097,0.002421562434196673,0.017056222362602652,0.9619919983154348
208,0.009370393767108865,0.008949252474205097,0.0023162771109707307,0.01684565171615077,0.9623078542851127
209,0.009370393767108865,0.008949252474205097,0.0023162771109707307,0.016319225100021057,0.9628342809012423
210,0.009370393767108865,0.008949252474205097,0.0023162771109707307,0.01600336913034323,0.9631501368709202
211,0.009370393767108865,0.008949252474205097,0.0022109917877447885,0.01547694251421352,0.9637818488102758
212,0.009370393767108865,0.008949252474205097,0.0022109917877447885,0.015055801221309749,0.9642029901031797
213,0.009370393767108865,0.008949252474205097,0.0022109917877447885,0.014739945251631923,0.9645188460728574
214,0.009370393767108865,0.008949252474205097,0.0021057064645188463,0.014318803958728154,0.9650452726889872
215,0.009370393767108865,0.008949252474205097,0.0020004211412929036,0.014108233312276269,0.965361128658665
216,0.009370393767108865,0.008949252474205097,0.0018951358180669614,0.014108233312276269,0.9654664139818909
217,0.009370393767108865,0.008949252474205097,0.0017898504948410192,0.013792377342598442,0.9658875552747946
218,0.009370393767108865,0.008949252474205097,0.0017898504948410192,0.013476521372920615,0.9662034112444725
219,0.009370393767108865,0.008949252474205097,0.0016845651716150768,0.013055380080016846,0.9667298378606022
220,0.009370393767108865,0.008949252474205097,0.0016845651716150768,0.01273952411033902,0.96704569383028
221,0.009370393767108865,0.008949252474205097,0.0016845651716150768,0.01273952411033902,0.96704569383028
222,0.009370393767108865,0.008949252474205097,0.0016845651716150768,0.012213097494209308,0.9675721204464097
223,0.009370393767108865,0.008949252474205097,0.0015792798483891346,0.012107812170983365,0.9677826910928616
224,0.009370393767108865,0.008949252474205097,0.0014739945251631922,0.011791956201305537,0.9682038323857655
225,0.009370393767108865,0.008949252474205097,0.00136870920193725,0.011686670878079595,0.9684144030322173
226,0.009370393767108865,0.008949252474205097,0.0012634238787113076,0.011160244261949883,0.969046114971573
227,0.009370393767108865,0.008949252474205097,0.0012634238787113076,0.011160244261949883,0.969046114971573
228,0.009370393767108865,0.008949252474205097,0.0012634238787113076,0.010739102969046115,0.9694672562644767
229,0.009370393767108865,0.008949252474205097,0.0011581385554853654,0.010739102969046115,0.9695725415877027
230,0.009370393767108865,0.008949252474205097,0.0011581385554853654,0.010317961676142346,0.9699936828806064
231,0.009370393767108865,0.008949252474205097,0.0011581385554853654,0.01000210570646452,0.9703095388502843
232,0.009370393767108865,0.008949252474205097,9.475679090334807E-4,0.01000210570646452,0.9705201094967362
233,0.009370393767108865,0.008949252474205097,9.475679090334807E-4,0.009791535060012634,0.9707306801431881
234,0.009370393767108865,0.008949252474205097,9.475679090334807E-4,0.009475679090334808,0.9710465361128658
235,0.009370393767108865,0.008949252474205097,8.422825858075384E-4,0.009475679090334808,0.9711518214360918
236,0.009370393767108865,0.008949252474205097,8.422825858075384E-4,0.009370393767108865,0.9712571067593178
237,0.009370393767108865,0.008949252474205097,7.369972625815961E-4,0.009054537797431038,0.9716782480522215
238,0.009370393767108865,0.008949252474205097,7.369972625815961E-4,0.009054537797431038,0.9716782480522215
239,0.009370393767108865,0.008949252474205097,7.369972625815961E-4,0.009054537797431038,0.9716782480522215
240,0.009370393767108865,0.008949252474205097,7.369972625815961E-4,0.008738681827753211,0.9719941040218993
241,0.009370393767108865,0.008949252474205097,6.317119393556538E-4,0.008633396504527269,0.9722046746683513
242,0.009370393767108865,0.008949252474205097,6.317119393556538E-4,0.008317540534849443,0.972520530638029
243,0.009370393767108865,0.008949252474205097,6.317119393556538E-4,0.0082122552116235,0.972625815961255
244,0.009370393767108865,0.008949252474205097,6.317119393556538E-4,0.00779111391871973,0.9730469572541588
245,0.009370393767108865,0.008949252474205097,6.317119393556538E-4,0.007475257949041903,0.9733628132238366
246,0.009370393767108865,0.008949252474205097,6.317119393556538E-4,0.007264687302590019,0.9735733838702885
247,0.009370393767108865,0.008949252474205097,6.317119393556538E-4,0.007159401979364077,0.9736786691935144
248,0.009370393767108865,0.008949252474205097,5.264266161297116E-4,0.00684354600968625,0.9740998104864181
249,0.009370393767108865,0.008949252474205097,5.264266161297116E-4,0.006738260686460307,0.9742050958096441
250,0.009370393767108865,0.008949252474205097,5.264266161297116E-4,0.00642240471678248,0.974520951779322
251,0.009370393767108865,0.008949252474205097,5.264266161297116E-4,0.006211834070330596,0.9747315224257739
252,0.009370393767108865,0.008949252474205097,4.211412929037692E-4,0.006211834070330596,0.9748368077489998
253,0.009370393767108865,0.008949252474205097,4.211412929037692E-4,0.006001263423878711,0.9750473783954516
254,0.009370393767108865,0.008949252474205097,4.211412929037692E-4,0.005895978100652769,0.9751526637186776
255,0.009370393767108865,0.008949252474205097,4.211412929037692E-4,0.005895978100652769,0.9751526637186776
256,0.009370393767108865,0.008949252474205097,2.105706464518846E-4,0.006106548747104654,0.9751526637186776
257,0.009370393767108865,0.008949252474205097,2.105706464518846E-4,0.006001263423878711,0.9752579490419035
258,0.009370393767108865,0.008949252474205097,2.105706464518846E-4,0.005895978100652769,0.9753632343651295
259,0.009370393767108865,0.008949252474205097,2.105706464518846E-4,0.005790692777426827,0.9754685196883555
260,0.009370393767108865,0.008949252474205097,1.052853232259423E-4,0.005895978100652769,0.9754685196883555
261,0.009370393767108865,0.008949252474205097,1.052853232259423E-4,0.005790692777426827,0.9755738050115814
262,0.009370393767108865,0.008949252474205097,1.052853232259423E-4,0.005685407454200884,0.9756790903348074
263,0.009370393767108865,0.008949252474205097,1.052853232259423E-4,0.005580122130974942,0.9757843756580332
264,0.009370393767108865,0.008949252474205097,1.052853232259423E-4,0.005369551484523057,0.9759949463044851
265,0.009370393767108865,0.008949252474205097,1.052853232259423E-4,0.0052642661612971155,0.9761002316277111
266,0.009370393767108865,0.008949252474205097,1.052853232259423E-4,0.0052642661612971155,0.9761002316277111
267,0.009370393767108865,0.008949252474205097,1.052853232259423E-4,0.00505369551484523,0.976310802274163
268,0.009370393767108865,0.008949252474205097,1.052853232259423E-4,0.004843124868393346,0.9765213729206149
269,0.009370393767108865,0.008949252474205097,1.052853232259423E-4,0.004737839545167404,0.9766266582438408
270,0.009370393767108865,0.008949252474205097,1.052853232259423E-4,0.004527268898715519,0.9768372288902927
271,0.009370393767108865,0.008949252474205097,1.052853232259423E-4,0.004421983575489577,0.9769425142135186
272,0.009370393767108865,0.008949252474205097,1.052853232259423E-4,0.004421983575489577,0.9769425142135186
273,0.009370393767108865,0.008949252474205097,1.052853232259423E-4,0.004211412929037693,0.9771530848599705
274,0.009370393767108865,0.008949252474205097,1.052853232259423E-4,0.004211412929037693,0.9771530848599705
275,0.009370393767108865,0.008949252474205097,1.052853232259423E-4,0.004000842282585807,0.9773636555064225
276,0.009370393767108865,0.008949252474205097,1.052853232259423E-4,0.004000842282585807,0.9773636555064225
277,0.009370393767108865,0.008949252474205097,1.052853232259423E-4,0.003790271636133923,0.9775742261528743
278,0.009370393767108865,0.008949252474205097,1.052853232259423E-4,0.003790271636133923,0.9775742261528743
279,0.009370393767108865,0.008949252474205097,1.052853232259423E-4,0.0035797009896820385,0.9777847967993262
280,0.009370393767108865,0.008949252474205097,1.052853232259423E-4,0.0035797009896820385,0.9777847967993262
281,0.009370393767108865,0.008949252474205097,1.052853232259423E-4,0.003474415666456096,0.9778900821225521
282,0.009370393767108865,0.008949252474205097,1.052853232259423E-4,0.0033691303432301536,0.9779953674457781
283,0.009370393767108865,0.008949252474205097,1.052853232259423E-4,0.0033691303432301536,0.9779953674457781
284,0.009370393767108865,0.008949252474205097,1.052853232259423E-4,0.0033691303432301536,0.9779953674457781
285,0.009370393767108865,0.008949252474205097,1.052853232259423E-4,0.0032638450200042114,0.978100652769004
286,0.009370393767108865,0.008949252474205097,1.052853232259423E-4,0.003158559696778269,0.97820593809223
287,0.009370393767108865,0.008949252474205097,1.052853232259423E-4,0.003053274373552327,0.9783112234154558
288,0.009370393767108865,0.008949252474205097,1.052853232259423E-4,0.003053274373552327,0.9783112234154558
289,0.009370393767108865,0.008949252474205097,1.052853232259423E-4,0.003053274373552327,0.9783112234154558
290,0.009370393767108865,0.008949252474205097,1.052853232259423E-4,0.0027374184038745,0.9786270793851337
291,0.009370393767108865,0.008949252474205097,1.052853232259423E-4,0.0027374184038745,0.9786270793851337
292,0.009370393767108865,0.008949252474205097,1.052853232259423E-4,0.002526847757422615,0.9788376500315856
293,0.009370393767108865,0.008949252474205097,1.052853232259423E-4,0.002421562434196673,0.9789429353548116
294,0.009370393767108865,0.008949252474205097,1.052853232259423E-4,0.002421562434196673,0.9789429353548116
295,0.009370393767108865,0.008949252474205097,1.052853232259423E-4,0.002421562434196673,0.9789429353548116
296,0.009370393767108865,0.008949252474205097,1.052853232259423E-4,0.0021057064645188463,0.9792587913244893
297,0.009370393767108865,0.008949252474205097,1.052853232259423E-4,0.0021057064645188463,0.9792587913244893
298,0.009370393767108865,0.008949252474205097,1.052853232259423E-4,0.0020004211412929036,0.9793640766477153
299,0.009370393767108865,0.008949252474205097,1.052853232259423E-4,0.0018951358180669614,0.9794693619709413
300,0.009370393767108865,0.008949252474205097,1.052853232259423E-4,0.0018951358180669614,0.9794693619709413
301,0.009370393767108865,0.008949252474205097,1.052853232259423E-4,0.0018951358180669614,0.9794693619709413
302,0.009370393767108865,0.008949252474205097,1.052853232259423E-4,0.0015792798483891346,0.9797852179406191
303,0.009370393767108865,0.008949252474205097,1.052853232259423E-4,0.0015792798483891346,0.9797852179406191
304,0.009370393767108865,0.008949252474205097,1.052853232259423E-4,0.0015792798483891346,0.9797852179406191
305,0.009370393767108865,0.008949252474205097,1.052853232259423E-4,0.0014739945251631922,0.979890503263845
306,0.009370393767108865,0.008949252474205097,1.052853232259423E-4,0.00136870920193725,0.9799957885870709
307,0.009370393767108865,0.008949252474205097,1.052853232259423E-4,0.00136870920193725,0.9799957885870709
308,0.009370393767108865,0.008949252474205097,1.052853232259423E-4,0.0012634238787113076,0.9801010739102969
309,0.009370393767108865,0.008949252474205097,1.052853232259423E-4,0.0012634238787113076,0.9801010739102969
310,0.009370393767108865,0.008949252474205097,1.052853232259423E-4,0.0012634238787113076,0.9801010739102969
311,0.009370393767108865,0.008949252474205097,1.052853232259423E-4,0.0012634238787113076,0.9801010739102969
312,0.009370393767108865,0.008949252474205097,1.052853232259423E-4,0.0012634238787113076,0.9801010739102969
313,0.009370393767108865,0.008949252474205097,1.052853232259423E-4,0.0012634238787113076,0.9801010739102969
314,0.009370393767108865,0.008949252474205097,1.052853232259423E-4,0.0012634238787113076,0.9801010739102969
315,0.009370393767108865,0.008949252474205097,1.052853232259423E-4,0.0012634238787113076,0.9801010739102969
316,0.009370393767108865,0.008949252474205097,1.052853232259423E-4,0.0012634238787113076,0.9801010739102969
317,0.009370393767108865,0.008949252474205097,1.052853232259423E-4,0.0012634238787113076,0.9801010739102969
318,0.009370393767108865,0.008949252474205097,1.052853232259423E-4,0.0012634238787113076,0.9801010739102969
319,0.009370393767108865,0.008949252474205097,1.052853232259423E-4,0.0012634238787113076,0.9801010739102969
320,0.009370393767108865,0.008949252474205097,1.052853232259423E-4,0.0011581385554853654,0.9802063592335228
321,0.009370393767108865,0.008949252474205097,1.052853232259423E-4,9.475679090334807E-4,0.9804169298799748
322,0.009370393767108865,0.008949252474205097,1.052853232259423E-4,9.475679090334807E-4,0.9804169298799748
323,0.009370393767108865,0.008949252474205097,1.052853232259423E-4,9.475679090334807E-4,0.9804169298799748
324,0.009370393767108865,0.008949252474205097,1.052853232259423E-4,8.422825858075384E-4,0.9805222152032007
325,0.009370393767108865,0.008949252474205097,1.052853232259423E-4,7.369972625815961E-4,0.9806275005264267
326,0.009370393767108865,0.008949252474205097,1.052853232259423E-4,7.369972625815961E-4,0.9806275005264267
327,0.009370393767108865,0.008949252474205097,1.052853232259423E-4,7.369972625815961E-4,0.9806275005264267
328,0.009370393767108865,0.008949252474205097,1.052853232259423E-4,7.369972625815961E-4,0.9806275005264267
329,0.009370393767108865,0.008949252474205097,1.052853232259423E-4,6.317119393556538E-4,0.9807327858496525
330,0.009370393767108865,0.008949252474205097,0.0,7.369972625815961E-4,0.9807327858496525
331,0.009370393767108865,0.008949252474205097,0.0,7.369972625815961E-4,0.9807327858496525
332,0.009370393767108865,0.008949252474205097,0.0,7.369972625815961E-4,0.9807327858496525
333,0.009370393767108865,0.008949252474205097,0.0,7.369972625815961E-4,0.9807327858496525
334,0.009370393767108865,0.008949252474205097,0.0,7.369972625815961E-4,0.9807327858496525
335,0.009370393767108865,0.008949252474205097,0.0,6.317119393556538E-4,0.9808380711728785
336,0.009370393767108865,0.008949252474205097,0.0,6.317119393556538E-4,0.9808380711728785
337,0.009370393767108865,0.008949252474205097,0.0,6.317119393556538E-4,0.9808380711728785
338,0.009370393767108865,0.008949252474205097,0.0,4.211412929037692E-4,0.9810486418193304
339,0.009370393767108865,0.008949252474205097,0.0,4.211412929037692E-4,0.9810486418193304
340,0.009370393767108865,0.008949252474205097,0.0,4.211412929037692E-4,0.9810486418193304
341,0.009370393767108865,0.008949252474205097,0.0,4.211412929037692E-4,0.9810486418193304
342,0.009370393767108865,0.008949252474205097,0.0,4.211412929037692E-4,0.9810486418193304
343,0.009370393767108865,0.008949252474205097,0.0,4.211412929037692E-4,0.9810486418193304
344,0.009370393767108865,0.008949252474205097,0.0,4.211412929037692E-4,0.9810486418193304
345,0.009370393767108865,0.008949252474205097,0.0,2.105706464518846E-4,0.9812592124657823
346,0.009370393767108865,0.008949252474205097,0.0,2.105706464518846E-4,0.9812592124657823
347,0.009370393767108865,0.008949252474205097,0.0,2.105706464518846E-4,0.9812592124657823
348,0.009370393767108865,0.008949252474205097,0.0,2.105706464518846E-4,0.9812592124657823
349,0.009370393767108865,0.008949252474205097,0.0,2.105706464518846E-4,0.9812592124657823
350,0.009370393767108865,0.008949252474205097,0.0,2.105706464518846E-4,0.9812592124657823
351,0.009370393767108865,0.008949252474205097,0.0,2.105706464518846E-4,0.9812592124657823
352,0.009370393767108865,0.008949252474205097,0.0,2.105706464518846E-4,0.9812592124657823
353,0.009370393767108865,0.008949252474205097,0.0,2.105706464518846E-4,0.9812592124657823
354,0.009370393767108865,0.008949252474205097,0.0,2.105706464518846E-4,0.9812592124657823
355,0.009370393767108865,0.008949252474205097,0.0,2.105706464518846E-4,0.9812592124657823
356,0.009370393767108865,0.008949252474205097,0.0,2.105706464518846E-4,0.9812592124657823
357,0.009370393767108865,0.008949252474205097,0.0,2.105706464518846E-4,0.9812592124657823
358,0.009370393767108865,0.008949252474205097,0.0,2.105706464518846E-4,0.9812592124657823
359,0.009370393767108865,0.008949252474205097,0.0,2.105706464518846E-4,0.9812592124657823
360,0.009370393767108865,0.008949252474205097,0.0,2.105706464518846E-4,0.9812592124657823
361,0.009370393767108865,0.008949252474205097,0.0,2.105706464518846E-4,0.9812592124657823
362,0.009370393767108865,0.008949252474205097,0.0,2.105706464518846E-4,0.9812592124657823
363,0.009370393767108865,0.008949252474205097,0.0,2.105706464518846E-4,0.9812592124657823
364,0.009370393767108865,0.008949252474205097,0.0,2.105706464518846E-4,0.9812592124657823
365,0.009370393767108865,0.008949252474205097,0.0,2.105706464518846E-4,0.9812592124657823
366,0.009370393767108865,0.008949252474205097,0.0,2.105706464518846E-4,0.9812592124657823
367,0.009370393767108865,0.008949252474205097,0.0,2.105706464518846E-4,0.9812592124657823
368,0.009370393767108865,0.008949252474205097,0.0,2.105706464518846E-4,0.9812592124657823
369,0.009370393767108865,0.008949252474205097,0.0,2.105706464518846E-4,0.9812592124657823
370,0.009370393767108865,0.008949252474205097,0.0,2.105706464518846E-4,0.9812592124657823
371,0.009370393767108865,0.008949252474205097,0.0,2.105706464518846E-4,0.9812592124657823
372,0.009370393767108865,0.008949252474205097,0.0,2.105706464518846E-4,0.9812592124657823
373,0.009370393767108865,0.008949252474205097,0.0,2.105706464518846E-4,0.9812592124657823
374,0.009370393767108865,0.008949252474205097,0.0,2.105706464518846E-4,0.9812592124657823
375,0.009370393767108865,0.008949252474205097,0.0,1.052853232259423E-4,0.9813644977890082
376,0.009370393767108865,0.008949252474205097,0.0,1.052853232259423E-4,0.9813644977890082
377,0.009370393767108865,0.008949252474205097,0.0,1.052853232259423E-4,0.9813644977890082
378,0.009370393767108865,0.008949252474205097,0.0,1.052853232259423E-4,0.9813644977890082
379,0.009370393767108865,0.008949252474205097,0.0,1.052853232259423E-4,0.9813644977890082
380,0.009370393767108865,0.008949252474205097,0.0,1.052853232259423E-4,0.9813644977890082
381,0.009370393767108865,0.008949252474205097,0.0,1.052853232259423E-4,0.9813644977890082
382,0.009370393767108865,0.008949252474205097,0.0,1.052853232259423E-4,0.9813644977890082
383,0.009370393767108865,0.008949252474205097,0.0,1.052853232259423E-4,0.9813644977890082
384,0.009370393767108865,0.008949252474205097,0.0,1.052853232259423E-4,0.9813644977890082
385,0.009370393767108865,0.008949252474205097,0.0,1.052853232259423E-4,0.9813644977890082
386,0.009370393767108865,0.008949252474205097,0.0,1.052853232259423E-4,0.9813644977890082
387,0.009370393767108865,0.008949252474205097,0.0,0.0,0.9814697831122342
388,0.009370393767108865,0.008949252474205097,0.0,0.0,0.9814697831122342
389,0.009370393767108865,0.008949252474205097,0.0,0.0,0.9814697831122342
390,0.009370393767108865,0.008949252474205097,0.0,0.0,0.9814697831122342
391,0.009370393767108865,0.008949252474205097,0.0,0.0,0.9814697831122342
392,0.009370393767108865,0.008949252474205097,0.0,0.0,0.9814697831122342
393,0.009370393767108865,0.008949252474205097,0.0,0.0,0.9814697831122342
394,0.009370393767108865,0.008949252474205097,0.0,0.0,0.9814697831122342
395,0.009370393767108865,0.008949252474205097,0.0,0.0,0.9814697831122342
396,0.009370393767108865,0.008949252474205097,0.0,0.0,0.9814697831122342
397,0.009370393767108865,0.008949252474205097,0.0,0.0,0.9814697831122342
398,0.009370393767108865,0.008949252474205097,0.0,0.0,0.9814697831122342
399,0.009370393767108865,0.008949252474205097,0.0,0.0,0.9814697831122342
400,0.009370393767108865,0.008949252474205097,0.0,0.0,0.9814697831122342
401,0.009370393767108865,0.008949252474205097,0.0,0.0,0.9814697831122342
402,0.009370393767108865,0.008949252474205097,0.0,0.0,0.9814697831122342
403,0.009370393767108865,0.008949252474205097,0.0,0.0,0.9814697831122342
404,0.009370393767108865,0.008949252474205097,0.0,0.0,0.9814697831122342
405,0.009370393767108865,0.008949252474205097,0.0,0.0,0.9814697831122342
406,0.009370393767108865,0.008949252474205097,0.0,0.0,0.9814697831122342
407,0.009370393767108865,0.008949252474205097,0.0,0.0,0.9814697831122342
408,0.009370393767108865,0.008949252474205097,0.0,0.0,0.9814697831122342
409,0.009370393767108865,0.008949252474205097,0.0,0.0,0.9814697831122342
410,0.009370393767108865,0.008949252474205097,0.0,0.0,0.9814697831122342
411,0.009370393767108865,0.008949252474205097,0.0,0.0,0.9814697831122342
412,0.009370393767108865,0.008949252474205097,0.0,0.0,0.9814697831122342
413,0.009370393767108865,0.008949252474205097,0.0,0.0,0.9814697831122342
414,0.009370393767108865,0.008949252474205097,0.0,0.0,0.9814697831122342
415,0.009370393767108865,0.008949252474205097,0.0,0.0,0.9814697831122342
416,0.009370393767108865,0.008949252474205097,0.0,0.0,0.9814697831122342
417,0.009370393767108865,0.008949252474205097,0.0,0.0,0.9814697831122342
418,0.009370393767108865,0.008949252474205097,0.0,0.0,0.9814697831122342
419,0.009370393767108865,0.008949252474205097,0.0,0.0,0.9814697831122342
420,0.009370393767108865,0.008949252474205097,0.0,0.0,0.9814697831122342
421,0.009370393767108865,0.008949252474205097,0.0,0.0,0.9814697831122342
422,0.009370393767108865,0.008949252474205097,0.0,0.0,0.9814697831122342
423,0.009370393767108865,0.008949252474205097,0.0,0.0,0.9814697831122342
424,0.009370393767108865,0.008949252474205097,0.0,0.0,0.9814697831122342
425,0.009370393767108865,0.008949252474205097,0.0,0.0,0.9814697831122342
426,0.009370393767108865,0.008949252474205097,0.0,0.0,0.9814697831122342
427,0.009370393767108865,0.008949252474205097,0.0,0.0,0.9814697831122342
428,0.009370393767108865,0.008949252474205097,0.0,0.0,0.9814697831122342
429,0.009370393767108865,0.008949252474205097,0.0,0.0,0.9814697831122342
430,0.009370393767108865,0.008949252474205097,0.0,0.0,0.9814697831122342
431,0.009370393767108865,0.008949252474205097,0.0,0.0,0.9814697831122342
432,0.009370393767108865,0.008949252474205097,0.0,0.0,0.9814697831122342
433,0.009370393767108865,0.008949252474205097,0.0,0.0,0.9814697831122342
434,0.009370393767108865,0.008949252474205097,0.0,0.0,0.9814697831122342
435,0.009370393767108865,0.008949252474205097,0.0,0.0,0.9814697831122342
436,0.009370393767108865,0.008949252474205097,0.0,0.0,0.9814697831122342
437,0.009370393767108865,0.008949252474205097,0.0,0.0,0.9814697831122342
438,0.009370393767108865,0.008949252474205097,0.0,0.0,0.9814697831122342
439,0.009370393767108865,0.008949252474205097,0.0,0.0,0.9814697831122342
440,0.009370393767108865,0.008949252474205097,0.0,0.0,0.9814697831122342
441,0.009370393767108865,0.008949252474205097,0.0,0.0,0.9814697831122342
442,0.009370393767108865,0.008949252474205097,0.0,0.0,0.9814697831122342
443,0.009370393767108865,0.008949252474205097,0.0,0.0,0.9814697831122342
444,0.009370393767108865,0.008949252474205097,0.0,0.0,0.9814697831122342
445,0.009370393767108865,0.008949252474205097,0.0,0.0,0.9814697831122342
446,0.009370393767108865,0.008949252474205097,0.0,0.0,0.9814697831122342
447,0.009370393767108865,0.008949252474205097,0.0,0.0,0.9814697831122342
448,0.009370393767108865,0.008949252474205097,0.0,0.0,0.9814697831122342
449,0.009370393767108865,0.008949252474205097,0.0,0.0,0.9814697831122342
450,0.009370393767108865,0.008949252474205097,0.0,0.0,0.9814697831122342
451,0.009370393767108865,0.008949252474205097,0.0,0.0,0.9814697831122342
452,0.009370393767108865,0.008949252474205097,0.0,0.0,0.9814697831122342
453,0.009370393767108865,0.008949252474205097,0.0,0.0,0.9814697831122342
454,0.009370393767108865,0.008949252474205097,0.0,0.0,0.9814697831122342
455,0.009370393767108865,0.008949252474205097,0.0,0.0,0.9814697831122342
456,0.009370393767108865,0.008949252474205097,0.0,0.0,0.9814697831122342
457,0.009370393767108865,0.008949252474205097,0.0,0.0,0.9814697831122342
458,0.009370393767108865,0.008949252474205097,0.0,0.0,0.9814697831122342
459,0.009370393767108865,0.008949252474205097,0.0,0.0,0.9814697831122342
460,0.009370393767108865,0.008949252474205097,0.0,0.0,0.9814697831122342
461,0.009370393767108865,0.008949252474205097,0.0,0.0,0.9814697831122342
462,0.009370393767108865,0.008949252474205097,0.0,0.0,0.9814697831122342
463,0.009370393767108865,0.008949252474205097,0.0,0.0,0.9814697831122342
464,0.009370393767108865,0.008949252474205097,0.0,0.0,0.9814697831122342
465,0.009370393767108865,0.008949252474205097,0.0,0.0,0.9814697831122342
466,0.009370393767108865,0.008949252474205097,0.0,0.0,0.9814697831122342
467,0.009370393767108865,0.008949252474205097,0.0,0.0,0.9814697831122342
468,0.009370393767108865,0.008949252474205097,0.0,0.0,0.9814697831122342
469,0.009370393767108865,0.008949252474205097,0.0,0.0,0.9814697831122342
470,0.009370393767108865,0.008949252474205097,0.0,0.0,0.9814697831122342
471,0.009370393767108865,0.008949252474205097,0.0,-1.052853232259423E-4,0.98157506843546
472,0.009370393767108865,0.008949252474205097,0.0,-1.052853232259423E-4,0.98157506843546
473,0.009370393767108865,0.008949252474205097,0.0,-1.052853232259423E-4,0.98157506843546
474,0.009370393767108865,0.008949252474205097,0.0,-1.052853232259423E-4,0.98157506843546
475,0.009370393767108865,0.008949252474205097,0.0,-1.052853232259423E-4,0.98157506843546
476,0.009370393767108865,0.008949252474205097,0.0,-1.052853232259423E-4,0.98157506843546
477,0.009370393767108865,0.008949252474205097,0.0,-1.052853232259423E-4,0.98157506843546
478,0.009370393767108865,0.008949252474205097,0.0,-1.052853232259423E-4,0.98157506843546
479,0.009370393767108865,0.008949252474205097,0.0,-1.052853232259423E-4,0.98157506843546
480,0.009370393767108865,0.008949252474205097,0.0,-1.052853232259423E-4,0.98157506843546
481,0.009370393767108865,0.008949252474205097,0.0,-1.052853232259423E-4,0.98157506843546
482,0.009370393767108865,0.008949252474205097,0.0,-1.052853232259423E-4,0.98157506843546
483,0.009370393767108865,0.008949252474205097,0.0,-1.052853232259423E-4,0.98157506843546
484,0.009370393767108865,0.008949252474205097,0.0,-1.052853232259423E-4,0.98157506843546
485,0.009370393767108865,0.008949252474205097,0.0,-1.052853232259423E-4,0.98157506843546
486,0.009370393767108865,0.008949252474205097,0.0,-1.052853232259423E-4,0.98157506843546
487,0.009370393767108865,0.008949252474205097,0.0,-1.052853232259423E-4,0.98157506843546
488,0.009370393767108865,0.008949252474205097,0.0,-1.052853232259423E-4,0.98157506843546
489,0.009370393767108865,0.008949252474205097,0.0,-1.052853232259423E-4,0.98157506843546
490,0.009370393767108865,0.008949252474205097,0.0,-1.052853232259423E-4,0.98157506843546
491,0.009370393767108865,0.008949252474205097,0.0,-1.052853232259423E-4,0.98157506843546
492,0.009370393767108865,0.008949252474205097,0.0,-1.052853232259423E-4,0.98157506843546
493,0.009370393767108865,0.008949252474205097,0.0,-1.052853232259423E-4,0.98157506843546
494,0.009370393767108865,0.008949252474205097,0.0,-1.052853232259423E-4,0.98157506843546
495,0.009370393767108865,0.008949252474205097,0.0,-1.052853232259423E-4,0.98157506843546
496,0.009370393767108865,0.008949252474205097,0.0,-1.052853232259423E-4,0.98157506843546
497,0.009370393767108865,0.008949252474205097,0.0,-1.052853232259423E-4,0.98157506843546
498,0.009370393767108865,0.008949252474205097,0.0,-1.052853232259423E-4,0.98157506843546
499,0.009370393767108865,0.008949252474205097,0.0,-1.052853232259423E-4,0.98157506843546
